-0.191952	-1.311864
-0.191409	-1.312011
-0.190723	-1.312093
-0.190235	-1.312130
-0.189379	-1.312342
-0.188386	-1.312513
-0.187570	-1.312574
-0.186774	-1.312714
-0.185999	-1.312852
-0.185215	-1.312928
-0.184411	-1.312977
-0.183399	-1.313024
-0.182930	-1.312982
-0.182012	-1.313034
-0.181272	-1.313074
-0.180439	-1.313186
-0.179625	-1.313290
-0.178829	-1.313328
-0.177985	-1.313351
-0.177415	-1.313464
-0.176449	-1.313544
-0.175586	-1.313513
-0.174605	-1.313539
-0.173715	-1.313580
-0.172909	-1.313619
-0.172034	-1.313541
-0.171186	-1.313601
-0.170316	-1.313665
-0.169639	-1.313590
-0.168871	-1.313590
-0.168020	-1.313589
-0.167114	-1.313597
-0.166249	-1.313687
-0.165393	-1.313720
-0.164618	-1.313702
-0.163787	-1.313615
-0.162970	-1.313583
-0.162030	-1.313682
-0.161254	-1.313844
-0.160393	-1.313885
-0.159496	-1.313975
-0.158684	-1.314041
-0.157835	-1.314112
-0.156891	-1.314115
-0.156083	-1.314197
-0.155191	-1.314217
-0.154370	-1.314257
-0.153548	-1.314249
-0.152636	-1.314215
-0.151707	-1.314146
-0.150814	-1.314093
-0.150099	-1.314064
-0.149217	-1.314087
-0.148465	-1.314058
-0.147586	-1.314103
-0.146739	-1.314170
-0.145823	-1.314148
-0.144976	-1.314207
-0.144111	-1.314222
-0.143250	-1.314221
-0.142420	-1.314255
-0.141544	-1.314330
-0.140634	-1.314291
-0.140117	-1.314265
-0.139089	-1.314279
-0.138199	-1.314292
-0.137278	-1.314277
-0.136368	-1.314290
-0.135424	-1.314293
-0.134464	-1.314229
-0.133582	-1.314111
-0.132767	-1.314079
-0.131897	-1.314031
-0.130948	-1.314040
-0.130074	-1.314122
-0.129244	-1.314229
-0.128436	-1.314297
-0.127425	-1.314360
-0.126520	-1.314426
-0.125647	-1.314421
-0.124995	-1.314359
-0.124012	-1.314373
-0.123115	-1.314418
-0.122196	-1.314446
-0.121270	-1.314459
-0.120276	-1.314379
-0.119327	-1.314359
-0.118479	-1.314358
-0.117655	-1.314315
-0.116799	-1.314261
-0.115851	-1.314232
-0.114882	-1.314202
-0.113908	-1.314191
-0.113049	-1.314214
-0.112173	-1.314224
-0.111214	-1.314237
-0.110352	-1.314291
-0.109445	-1.314304
-0.108405	-1.314359
-0.107572	-1.314397
-0.106660	-1.314397
-0.105728	-1.314298
-0.104843	-1.314165
-0.103926	-1.314159
-0.102948	-1.314265
-0.102053	-1.314234
-0.101143	-1.314276
-0.100269	-1.314301
-0.099403	-1.314263
-0.098465	-1.314226
-0.097544	-1.314117
-0.096665	-1.314079
-0.095709	-1.314005
-0.094784	-1.314004
-0.093866	-1.314018
-0.092958	-1.314031
-0.092043	-1.313959
-0.091119	-1.313866
-0.090179	-1.313869
-0.089223	-1.313921
-0.088282	-1.314035
-0.087282	-1.314074
-0.086340	-1.314025
-0.085332	-1.314032
-0.084396	-1.314041
-0.083437	-1.313978
-0.082507	-1.313870
-0.081473	-1.313933
-0.080602	-1.313946
-0.079785	-1.314014
-0.079153	-1.314094
-0.077916	-1.314045
-0.076775	-1.313911
-0.076053	-1.313970
-0.074929	-1.313989
-0.073966	-1.313863
-0.072981	-1.313937
-0.071993	-1.313967
-0.071006	-1.313977
-0.069992	-1.314044
-0.069045	-1.314016
-0.068109	-1.314011
-0.067165	-1.314011
-0.066245	-1.313912
-0.065362	-1.313825
-0.064488	-1.313828
-0.063603	-1.313856
-0.062541	-1.313904
-0.061518	-1.313846
-0.060603	-1.313755
-0.059616	-1.313703
-0.058598	-1.313773
-0.057599	-1.313700
-0.056645	-1.313759
-0.055713	-1.313842
-0.054719	-1.313911
-0.053695	-1.313853
-0.052575	-1.313858
-0.051568	-1.313953
-0.050560	-1.314012
-0.049592	-1.314049
-0.048601	-1.314067
-0.047590	-1.314099
-0.046625	-1.314101
-0.045615	-1.314114
-0.044632	-1.314044
-0.043639	-1.313908
-0.042649	-1.313834
-0.041649	-1.313855
-0.040665	-1.313863
-0.039630	-1.313836
-0.038549	-1.313817
-0.037480	-1.313793
-0.036416	-1.313776
-0.035329	-1.313771
-0.034258	-1.313694
-0.033181	-1.313661
-0.032076	-1.313628
-0.031064	-1.313548
-0.029935	-1.313446
-0.028859	-1.313458
-0.027765	-1.313570
-0.026677	-1.313693
-0.025588	-1.313681
-0.024505	-1.313745
-0.023428	-1.313816
-0.022333	-1.313858
-0.021246	-1.313895
-0.020111	-1.313933
-0.019094	-1.313962
-0.017974	-1.313912
-0.016907	-1.313835
-0.015774	-1.313810
-0.014731	-1.313824
-0.013679	-1.313857
-0.012545	-1.313864
-0.011471	-1.313853
-0.010358	-1.313830
-0.009305	-1.313727
-0.008230	-1.313724
-0.007115	-1.313596
-0.006045	-1.313639
-0.004905	-1.313728
-0.003861	-1.313752
-0.002743	-1.313749
-0.001664	-1.313653
-0.000575	-1.313715
0.000542	-1.313763
0.001695	-1.313773
0.002738	-1.313767
0.003812	-1.313763
0.004964	-1.313780
0.005993	-1.313769
0.007108	-1.313711
0.008202	-1.313591
0.009266	-1.313567
0.010359	-1.313576
0.011445	-1.313557
0.012538	-1.313392
0.013645	-1.313348
0.014727	-1.313281
0.015815	-1.313333
0.016892	-1.313356
0.017989	-1.313399
0.019068	-1.313438
0.020167	-1.313423
0.021232	-1.313395
0.022309	-1.313269
0.023417	-1.313158
0.024513	-1.313098
0.025599	-1.313056
0.026671	-1.313054
0.027763	-1.313023
0.028858	-1.312992
0.029950	-1.312937
0.031031	-1.312882
0.032114	-1.312946
0.033206	-1.312891
0.034274	-1.312809
0.035366	-1.312827
0.036452	-1.312765
0.037545	-1.312754
0.038629	-1.312727
0.039713	-1.312681
0.040797	-1.312625
0.041886	-1.312614
0.042983	-1.312643
0.044072	-1.312643
0.045160	-1.312742
0.046228	-1.312793
0.047316	-1.312749
0.048405	-1.312651
0.049484	-1.312677
0.050574	-1.312685
0.051659	-1.312717
0.052750	-1.312762
0.053815	-1.312792
0.054908	-1.312791
0.056003	-1.312771
0.057095	-1.312660
0.058165	-1.312546
0.059257	-1.312575
0.060342	-1.312624
0.061430	-1.312629
0.062520	-1.312643
0.063594	-1.312647
0.064683	-1.312650
0.065746	-1.312594
0.066863	-1.312589
0.067949	-1.312499
0.069031	-1.312388
0.070095	-1.312365
0.071181	-1.312338
0.072286	-1.312293
0.073361	-1.312172
0.074457	-1.312265
0.075517	-1.312314
0.076625	-1.312352
0.077695	-1.312387
0.078774	-1.312425
0.079867	-1.312416
0.080947	-1.312404
0.082036	-1.312429
0.083113	-1.312371
0.084212	-1.312326
0.085292	-1.312181
0.086382	-1.312075
0.087459	-1.311941
0.088529	-1.312018
0.089623	-1.312035
0.090704	-1.312094
0.091788	-1.312034
0.092889	-1.311888
0.093968	-1.311883
0.095042	-1.311933
0.096137	-1.311876
0.097220	-1.311826
0.098309	-1.311850
0.099387	-1.311831
0.100454	-1.311802
0.101536	-1.311749
0.102632	-1.311813
0.103703	-1.311851
0.104798	-1.311843
0.105876	-1.311771
0.106954	-1.311607
0.108028	-1.311564
0.109129	-1.311684
0.110209	-1.311735
0.111285	-1.311764
0.112372	-1.311795
0.113447	-1.311820
0.114552	-1.311823
0.115635	-1.311724
0.116719	-1.311705
0.117793	-1.311682
0.118868	-1.311651
0.119944	-1.311552
0.121035	-1.311501
0.122129	-1.311551
0.123204	-1.311576
0.124298	-1.311668
0.125357	-1.311712
0.126433	-1.311730
0.127537	-1.311764
0.128602	-1.311790
0.129673	-1.311731
0.130773	-1.311696
0.131840	-1.311697
0.132934	-1.311679
0.134017	-1.311701
0.135104	-1.311624
0.136163	-1.311624
0.137234	-1.311693
0.138311	-1.311665
0.139413	-1.311659
0.140495	-1.311608
0.141582	-1.311615
0.142658	-1.311646
0.143724	-1.311617
0.144813	-1.311641
0.145888	-1.311627
0.146972	-1.311585
0.148050	-1.311484
0.149115	-1.311404
0.150207	-1.311305
0.151298	-1.311341
0.152370	-1.311342
0.153427	-1.311386
0.154510	-1.311287
0.155581	-1.311236
0.156658	-1.311347
0.157756	-1.311345
0.158823	-1.311277
0.159913	-1.311290
0.160983	-1.311346
0.162058	-1.311394
0.163131	-1.311343
0.164217	-1.311282
0.165298	-1.311247
0.166376	-1.311229
0.167437	-1.311219
0.168511	-1.311196
0.169592	-1.311134
0.170659	-1.311059
0.171750	-1.311099
0.172823	-1.311095
0.173896	-1.311142
0.174990	-1.311195
0.176073	-1.311125
0.177144	-1.311172
0.178213	-1.311166
0.179281	-1.310977
0.180350	-1.311063
0.181434	-1.311137
0.182511	-1.311157
0.183584	-1.311192
0.184674	-1.311164
0.185737	-1.311073
0.186815	-1.311012
0.187888	-1.310948
0.188959	-1.310933
0.190034	-1.311034
0.191094	-1.310965
0.192190	-1.310853
0.193264	-1.310677
0.194337	-1.310604
0.195423	-1.310804
0.196479	-1.310890
0.197534	-1.310952
0.198627	-1.310936
0.199709	-1.310844
0.200766	-1.310896
0.201858	-1.310948
0.202899	-1.310985
0.203989	-1.311028
0.205051	-1.311012
0.206125	-1.310966
0.207199	-1.310972
0.208258	-1.310964
0.209339	-1.310935
0.209709	-1.310837
0.209175	-1.310777
0.208340	-1.310772
0.207390	-1.310658
0.206444	-1.310591
0.205474	-1.310587
0.204484	-1.310638
0.203490	-1.310708
0.202526	-1.310783
0.201524	-1.310820
0.200540	-1.310840
0.199525	-1.310824
0.198521	-1.310749
0.197517	-1.310721
0.196497	-1.310697
0.195497	-1.310694
0.194480	-1.310756
0.193472	-1.310689
0.192448	-1.310672
0.191450	-1.310669
0.190400	-1.310706
0.189384	-1.310737
0.188376	-1.310778
0.187342	-1.310724
0.186332	-1.310775
0.185301	-1.310782
0.184270	-1.310821
0.183230	-1.310843
0.182198	-1.310731
0.181160	-1.310636
0.180145	-1.310520
0.179097	-1.310502
0.178068	-1.310482
0.177025	-1.310532
0.175999	-1.310516
0.174972	-1.310427
0.173933	-1.310432
0.172889	-1.310340
0.171840	-1.310354
0.170825	-1.310463
0.169786	-1.310375
0.168728	-1.310306
0.167694	-1.310403
0.166658	-1.310462
0.165625	-1.310516
0.164564	-1.310460
0.163520	-1.310436
0.162487	-1.310419
0.161443	-1.310406
0.160396	-1.310315
0.159332	-1.310329
0.158309	-1.310377
0.157255	-1.310470
0.156209	-1.310456
0.155146	-1.310479
0.154109	-1.310509
0.153047	-1.310480
0.152012	-1.310387
0.150955	-1.310305
0.149913	-1.310237
0.148864	-1.310317
0.147802	-1.310310
0.146749	-1.310220
0.145710	-1.310215
0.144654	-1.310177
0.143594	-1.310183
0.142536	-1.310184
0.141479	-1.310147
0.140429	-1.310195
0.139362	-1.310175
0.138313	-1.310191
0.137263	-1.310183
0.136191	-1.310201
0.135135	-1.310196
0.134086	-1.310214
0.133025	-1.310179
0.131969	-1.310234
0.130898	-1.310268
0.129838	-1.310179
0.128789	-1.310140
0.127727	-1.310144
0.126678	-1.310196
0.125618	-1.310201
0.124554	-1.310251
0.123479	-1.310315
0.122427	-1.310220
0.121361	-1.310122
0.120302	-1.310170
0.119251	-1.310099
0.118193	-1.310133
0.117102	-1.310194
0.116060	-1.310212
0.114984	-1.310102
0.113927	-1.310062
0.112840	-1.310112
0.111778	-1.310238
0.110712	-1.310321
0.109656	-1.310349
0.108589	-1.310297
0.107520	-1.310373
0.106425	-1.310372
0.105358	-1.310268
0.104317	-1.310275
0.103253	-1.310233
0.102183	-1.310268
0.101107	-1.310278
0.100039	-1.310221
0.098966	-1.310148
0.097914	-1.310208
0.096846	-1.310153
0.095759	-1.310127
0.094696	-1.310106
0.093621	-1.310077
0.092548	-1.310213
0.091476	-1.310223
0.090418	-1.310105
0.089335	-1.310068
0.088266	-1.310030
0.087198	-1.310058
0.086117	-1.310077
0.085058	-1.310185
0.084004	-1.310270
0.082902	-1.310275
0.081816	-1.310326
0.080740	-1.310342
0.079685	-1.310286
0.078613	-1.310178
0.077530	-1.310183
0.076459	-1.310209
0.075380	-1.310200
0.074298	-1.310195
0.073227	-1.310124
0.072165	-1.310177
0.071071	-1.310156
0.069984	-1.310063
0.068924	-1.310121
0.067845	-1.310242
0.066785	-1.310298
0.065696	-1.310341
0.064625	-1.310397
0.063533	-1.310406
0.062468	-1.310415
0.061376	-1.310437
0.060330	-1.310470
0.059235	-1.310485
0.058157	-1.310503
0.057080	-1.310509
0.055988	-1.310504
0.054912	-1.310513
0.053833	-1.310516
0.052749	-1.310504
0.051668	-1.310471
0.050583	-1.310392
0.049513	-1.310309
0.048427	-1.310284
0.047340	-1.310301
0.046262	-1.310296
0.045200	-1.310274
0.044072	-1.310202
0.043046	-1.310275
0.041966	-1.310251
0.040860	-1.310192
0.039796	-1.310164
0.038706	-1.310081
0.037620	-1.309942
0.036521	-1.309947
0.035456	-1.310107
0.034365	-1.310170
0.033293	-1.310193
0.032206	-1.310270
0.031133	-1.310317
0.030049	-1.310363
0.028959	-1.310396
0.027881	-1.310397
0.026805	-1.310392
0.025732	-1.310410
0.024644	-1.310439
0.023564	-1.310454
0.022464	-1.310487
0.021390	-1.310485
0.020310	-1.310481
0.019214	-1.310491
0.018145	-1.310513
0.017051	-1.310525
0.015961	-1.310534
0.014875	-1.310562
0.013784	-1.310582
0.012713	-1.310533
0.011628	-1.310447
0.010529	-1.310307
0.009448	-1.310335
0.008368	-1.310438
0.007286	-1.310375
0.006214	-1.310393
0.005104	-1.310293
0.004019	-1.310220
0.002931	-1.310142
0.001846	-1.310023
0.000781	-1.309984
-0.000318	-1.309991
-0.001402	-1.310076
-0.002488	-1.310036
-0.003573	-1.310164
-0.004672	-1.310213
-0.005763	-1.310079
-0.006833	-1.310074
-0.007932	-1.310142
-0.009016	-1.310164
-0.010128	-1.310173
-0.011214	-1.310202
-0.012315	-1.310236
-0.013404	-1.310223
-0.014515	-1.310066
-0.015616	-1.310067
-0.016644	-1.310008
-0.017801	-1.310012
-0.018882	-1.310027
-0.019972	-1.309982
-0.021012	-1.309951
-0.022046	-1.309888
-0.023261	-1.309903
-0.024353	-1.309934
-0.025452	-1.309967
-0.026520	-1.309918
-0.027638	-1.309946
-0.028713	-1.309802
-0.029749	-1.309829
-0.030901	-1.309823
-0.031969	-1.309820
-0.033065	-1.309734
-0.034141	-1.309730
-0.035214	-1.309769
-0.036270	-1.309789
-0.037282	-1.309879
-0.038308	-1.309886
-0.039313	-1.309879
-0.040300	-1.309795
-0.041316	-1.309717
-0.042318	-1.309676
-0.043310	-1.309611
-0.044294	-1.309456
-0.045277	-1.309355
-0.046258	-1.309571
-0.047284	-1.309566
-0.048264	-1.309584
-0.049244	-1.309670
-0.050250	-1.309690
-0.051193	-1.309727
-0.052212	-1.309756
-0.053181	-1.309776
-0.054201	-1.309812
-0.055188	-1.309798
-0.056146	-1.309812
-0.057156	-1.309775
-0.058152	-1.309786
-0.059113	-1.309725
-0.060041	-1.309751
-0.061089	-1.309708
-0.062067	-1.309663
-0.063058	-1.309466
-0.064046	-1.309392
-0.064983	-1.309520
-0.066017	-1.309545
-0.067034	-1.309447
-0.067864	-1.309426
-0.068911	-1.309461
-0.069912	-1.309548
-0.070857	-1.309614
-0.071761	-1.309517
-0.072766	-1.309525
-0.073654	-1.309566
-0.074743	-1.309608
-0.075773	-1.309648
-0.076706	-1.309647
-0.077600	-1.309645
-0.078657	-1.309583
-0.079602	-1.309615
-0.080643	-1.309582
-0.081668	-1.309514
-0.082909	-1.309446
-0.083884	-1.309535
-0.084794	-1.309561
-0.085649	-1.309577
-0.086614	-1.309485
-0.087581	-1.309382
-0.088471	-1.309446
-0.089331	-1.309520
-0.090192	-1.309502
-0.090940	-1.309466
-0.091866	-1.309363
-0.092750	-1.309430
-0.093687	-1.309481
-0.094700	-1.309400
-0.095637	-1.309362
-0.096562	-1.309444
-0.097567	-1.309479
-0.098499	-1.309388
-0.099429	-1.309255
-0.100350	-1.309069
-0.101449	-1.308971
-0.102302	-1.309117
-0.103161	-1.309212
-0.104069	-1.309167
-0.104946	-1.309080
-0.105841	-1.309040
-0.106687	-1.308987
-0.107621	-1.308990
-0.108485	-1.309005
-0.109312	-1.309004
-0.110232	-1.308911
-0.111095	-1.308898
-0.112002	-1.308933
-0.112957	-1.308929
-0.113838	-1.309065
-0.114839	-1.309125
-0.115771	-1.309107
-0.116643	-1.309090
-0.117608	-1.309104
-0.118472	-1.309034
-0.119466	-1.308892
-0.120463	-1.308792
-0.121360	-1.308705
-0.122425	-1.308810
-0.123333	-1.308944
-0.124180	-1.309024
-0.125060	-1.308983
-0.126073	-1.308940
-0.126992	-1.308863
-0.127927	-1.308851
-0.128896	-1.308835
-0.129763	-1.308815
-0.130633	-1.308830
-0.131438	-1.308758
-0.132372	-1.308763
-0.133224	-1.308867
-0.134126	-1.308955
-0.134960	-1.309016
-0.135908	-1.309044
-0.136771	-1.309006
-0.137705	-1.308959
-0.138514	-1.308810
-0.139509	-1.308725
-0.140537	-1.308719
-0.141416	-1.308859
-0.142277	-1.308959
-0.143243	-1.308888
-0.143768	-1.308797
-0.144957	-1.308717
-0.145825	-1.308733
-0.146602	-1.308660
-0.147549	-1.308727
-0.148510	-1.308815
-0.149393	-1.308794
-0.150286	-1.308759
-0.151155	-1.308834
-0.152008	-1.308868
-0.152941	-1.308930
-0.154024	-1.308959
-0.154780	-1.308854
-0.155686	-1.308873
-0.156529	-1.308884
-0.157378	-1.308816
-0.158200	-1.308706
-0.159049	-1.308725
-0.159938	-1.308759
-0.160765	-1.308793
-0.161648	-1.308787
-0.162480	-1.308876
-0.163191	-1.308908
-0.164047	-1.308918
-0.164905	-1.308956
-0.165730	-1.308964
-0.166582	-1.308977
-0.167504	-1.308980
-0.168279	-1.308995
-0.169185	-1.308976
-0.169937	-1.308900
-0.170776	-1.308824
-0.171708	-1.308754
-0.172852	-1.308683
-0.173644	-1.308587
-0.174278	-1.308528
-0.175063	-1.308585
-0.175831	-1.308534
-0.176738	-1.308492
-0.177634	-1.308493
-0.178530	-1.308557
-0.179378	-1.308529
-0.180160	-1.308483
-0.181014	-1.308465
-0.181761	-1.308512
-0.182504	-1.308488
-0.183212	-1.308533
-0.184216	-1.308565
-0.185078	-1.308538
-0.185973	-1.308591
-0.186801	-1.308575
-0.187607	-1.308559
-0.188450	-1.308513
-0.189313	-1.308514
-0.190119	-1.308466
