-0.263180	4.524714
-0.258446	4.525319
-0.252039	4.526526
-0.245191	4.525718
-0.238008	4.524815
-0.230854	4.525518
-0.223633	4.525518
-0.215938	4.527030
-0.208183	4.527030
-0.200299	4.524113
-0.192302	4.525721
-0.184106	4.526729
-0.175816	4.526626
-0.167492	4.527534
-0.158965	4.526626
-0.150458	4.528038
-0.141750	4.526928
-0.132982	4.527131
-0.124049	4.526223
-0.114990	4.527230
-0.105859	4.526728
-0.096667	4.526223
-0.087389	4.527332
-0.077920	4.528338
-0.068324	4.526929
-0.058720	4.526327
-0.049039	4.527735
-0.039203	4.527231
-0.028900	4.529043
-0.018280	4.529245
-0.007538	4.529245
0.003218	4.531459
0.014011	4.531661
0.024783	4.531059
0.035548	4.531560
0.046327	4.531056
0.057106	4.527635
0.067881	4.527534
0.078641	4.528335
0.089417	4.527030
0.100198	4.527533
0.110954	4.526123
0.121694	4.526523
0.132486	4.526925
0.143211	4.526627
0.153948	4.526525
0.164684	4.524009
0.175396	4.525014
0.186129	4.527227
0.196835	4.527329
0.207517	4.525420
0.218201	4.526227
0.228879	4.526023
0.239553	4.525619
0.250230	4.525315
0.260879	4.526019
0.271533	4.524713
0.282179	4.523806
0.292811	4.524412
0.303432	4.524613
0.314043	4.525116
0.317649	4.522802
0.312134	4.523101
0.303547	4.522900
0.293898	4.521387
0.283936	4.522599
0.274038	4.521690
0.263575	4.522697
0.253273	4.523100
0.243087	4.522696
0.232815	4.523097
0.222162	4.521990
0.211608	4.521797
0.201135	4.521087
0.190540	4.521791
0.179995	4.522095
0.169363	4.522799
0.158593	4.521291
0.148075	4.523101
0.137396	4.523201
0.126979	4.523909
0.115969	4.523601
0.105361	4.522696
0.094488	4.525012
0.083701	4.523100
0.072903	4.522900
0.062266	4.522196
0.051458	4.523804
0.040664	4.523705
0.030097	4.526627
0.019102	4.527429
0.008485	4.526124
-0.002120	4.525417
-0.013142	4.525720
-0.023703	4.525218
-0.033900	4.522898
-0.043680	4.523504
-0.053339	4.524511
-0.063173	4.522799
-0.072768	4.524107
-0.082205	4.524612
-0.091568	4.523199
-0.100750	4.522900
-0.109938	4.522897
-0.119149	4.523500
-0.128104	4.522595
-0.137020	4.523905
-0.146111	4.522293
-0.154633	4.521790
-0.163051	4.522395
-0.171817	4.523000
-0.180205	4.523100
-0.188525	4.523603
-0.196673	4.522396
-0.204730	4.522194
-0.212958	4.522092
-0.220320	4.523198
-0.228422	4.523299
-0.235794	4.523403
-0.243380	4.523903
-0.250852	4.521792
-0.258296	4.521893
