-0.193268	1.219077
-0.190156	1.218575
-0.187072	1.218977
-0.182778	1.218856
-0.179614	1.218795
-0.175421	1.218897
-0.171296	1.219017
-0.167181	1.218936
-0.162977	1.218835
-0.158721	1.219239
-0.154595	1.219137
-0.150243	1.218916
-0.145770	1.218916
-0.141351	1.219179
-0.136934	1.219118
-0.131618	1.218915
-0.128053	1.218935
-0.123655	1.218997
-0.119085	1.219016
-0.114548	1.219137
-0.110076	1.219038
-0.105442	1.219320
-0.100911	1.219017
-0.096569	1.219036
-0.091735	1.219198
-0.087168	1.218856
-0.082334	1.219278
-0.077584	1.218856
-0.072815	1.218976
-0.067792	1.219220
-0.063217	1.219219
-0.058393	1.219360
-0.053460	1.219260
-0.048524	1.219278
-0.043620	1.219238
-0.038323	1.219641
-0.033039	1.219561
-0.027722	1.219761
-0.022336	1.219380
-0.016921	1.219360
-0.011172	1.219823
-0.006187	1.219500
-0.000753	1.219500
0.004685	1.219218
0.010141	1.219441
0.015499	1.219500
0.020884	1.219078
0.026346	1.219178
0.031677	1.218977
0.037118	1.219056
0.042577	1.219178
0.047924	1.218996
0.053299	1.218896
0.058743	1.218935
0.064103	1.219098
0.069497	1.219278
0.074954	1.218735
0.080329	1.218937
0.085751	1.219077
0.091143	1.218876
0.096473	1.218996
0.101888	1.219257
0.107329	1.218818
0.112646	1.218917
0.118031	1.218876
0.123441	1.219097
0.128834	1.219117
0.134193	1.218856
0.139582	1.218956
0.144987	1.218755
0.150325	1.218836
0.155722	1.218917
0.161148	1.218716
0.166500	1.219056
0.171863	1.219078
0.177301	1.218716
0.182675	1.218755
0.188001	1.218735
0.193359	1.218937
0.198752	1.218675
0.204119	1.218817
0.205944	1.218978
0.203237	1.218876
0.198901	1.218856
0.194159	1.219198
0.189172	1.218836
0.184124	1.218896
0.178973	1.218856
0.173925	1.218795
0.168735	1.219278
0.163542	1.219158
0.158362	1.218936
0.153195	1.219017
0.147991	1.218997
0.142735	1.218996
0.137433	1.219077
0.132196	1.219117
0.126921	1.218977
0.121577	1.218956
0.116401	1.219419
0.111062	1.219098
0.105661	1.219439
0.100406	1.218957
0.095122	1.218936
0.089710	1.219016
0.084381	1.219137
0.079047	1.219118
0.073646	1.219440
0.068296	1.219058
0.062926	1.219158
0.057505	1.218997
0.052183	1.218916
0.046779	1.219058
0.041460	1.219360
0.036068	1.219260
0.030698	1.219058
0.025274	1.219440
0.019853	1.219341
0.014374	1.219400
0.009019	1.219481
0.003648	1.219400
-0.001803	1.219279
-0.007159	1.219582
-0.012615	1.219702
-0.017469	1.219703
-0.023420	1.219742
-0.028813	1.219802
-0.034071	1.219882
-0.039186	1.219640
-0.044186	1.219843
-0.049170	1.219644
-0.054119	1.219863
-0.059004	1.219481
-0.063646	1.219339
-0.068609	1.219157
-0.073474	1.218837
-0.078180	1.219038
-0.083089	1.219098
-0.088193	1.219098
-0.092556	1.219139
-0.097264	1.219118
-0.101931	1.218998
-0.106498	1.219119
-0.111177	1.218997
-0.115720	1.219079
-0.120275	1.219138
-0.124806	1.218877
-0.129348	1.219197
-0.133717	1.219058
-0.138177	1.218898
-0.143090	1.218817
-0.147291	1.218817
-0.151541	1.219079
-0.155801	1.218977
-0.160128	1.218957
-0.164490	1.218797
-0.168822	1.218896
-0.173119	1.218636
-0.177369	1.218937
-0.181574	1.218635
-0.185993	1.218979
-0.190088	1.218838
