-0.168795	1.210996
-0.165979	1.210775
-0.162199	1.210762
-0.158157	1.210862
-0.154039	1.211148
-0.149911	1.211037
-0.145761	1.210977
-0.141088	1.210923
-0.137155	1.210783
-0.132919	1.210980
-0.128267	1.210993
-0.124142	1.210969
-0.119764	1.211004
-0.115376	1.210961
-0.110968	1.211172
-0.106536	1.210886
-0.102113	1.210974
-0.097310	1.210909
-0.092641	1.210908
-0.087905	1.210963
-0.083310	1.210969
-0.078623	1.210918
-0.073844	1.211026
-0.069183	1.210755
-0.064342	1.210879
-0.059475	1.210949
-0.054425	1.211117
-0.050050	1.211053
-0.045117	1.211285
-0.039777	1.211346
-0.034588	1.211490
-0.029284	1.211684
-0.023802	1.211671
-0.018438	1.211695
-0.013134	1.211332
-0.007692	1.211428
-0.002352	1.211278
0.003023	1.211468
0.008516	1.211267
0.013809	1.210905
0.019289	1.211110
0.024677	1.211045
0.030019	1.211123
0.035432	1.211096
0.040821	1.211109
0.046172	1.211071
0.051554	1.211043
0.056956	1.211114
0.062325	1.211006
0.067722	1.210743
0.073108	1.211022
0.078472	1.211021
0.083843	1.210903
0.089231	1.211074
0.094608	1.210963
0.100019	1.210941
0.105412	1.210921
0.110731	1.210757
0.116139	1.210773
0.121506	1.210793
0.126923	1.210727
0.132270	1.210972
0.137600	1.210850
0.142984	1.211148
0.148357	1.210740
0.153648	1.210720
0.159005	1.210864
0.164381	1.210905
0.169757	1.210794
0.175085	1.210788
0.180559	1.210760
0.185751	1.210851
0.191111	1.210638
0.196530	1.210868
0.201773	1.210918
0.207140	1.211047
0.212453	1.210926
0.217781	1.210894
0.223046	1.210660
0.228438	1.210498
0.233690	1.210810
0.235572	1.210841
0.232560	1.210938
0.227964	1.210994
0.223099	1.210924
0.218099	1.210984
0.213090	1.210902
0.208000	1.210847
0.202880	1.210864
0.197774	1.211219
0.192636	1.211187
0.187499	1.211136
0.182223	1.210872
0.177027	1.210978
0.171858	1.211023
0.166631	1.210838
0.161395	1.210981
0.156142	1.211202
0.150869	1.211140
0.145651	1.211167
0.140354	1.210828
0.135039	1.210956
0.129797	1.210970
0.124482	1.210989
0.119169	1.211028
0.113881	1.211121
0.108519	1.211154
0.103180	1.211177
0.097875	1.211285
0.092550	1.211197
0.087189	1.211150
0.081790	1.211030
0.076446	1.211066
0.071089	1.211245
0.065764	1.211019
0.060355	1.211148
0.055051	1.211328
0.049615	1.211047
0.044275	1.211378
0.038856	1.211209
0.033518	1.211273
0.028115	1.211314
0.022745	1.211305
0.017354	1.211459
0.011949	1.211338
0.006526	1.211220
0.001196	1.211463
-0.004215	1.211529
-0.009667	1.211845
-0.015031	1.211732
-0.020605	1.212010
-0.025928	1.211969
-0.031212	1.211778
-0.036414	1.211623
-0.041001	1.211607
-0.046407	1.211648
-0.051337	1.211723
-0.056155	1.211338
-0.061125	1.211281
-0.065995	1.211311
-0.070893	1.211314
-0.075791	1.211311
-0.080455	1.211076
-0.085222	1.211008
-0.089956	1.210982
-0.094712	1.211037
-0.099452	1.211026
-0.104016	1.210932
-0.108359	1.211049
-0.112900	1.211036
-0.117408	1.211076
-0.121886	1.211173
-0.126530	1.211317
-0.131334	1.210938
-0.135545	1.211046
-0.140032	1.211069
-0.144468	1.210911
-0.148662	1.210992
-0.153267	1.211123
-0.157462	1.211127
-0.161286	1.210989
-0.166147	1.211103
