-0.185065	1.244145
-0.182003	1.244165
-0.177900	1.244104
-0.174521	1.244139
-0.170511	1.244274
-0.166505	1.244369
-0.161630	1.244282
-0.158602	1.244374
-0.154007	1.244130
-0.146119	1.244197
-0.145742	1.244297
-0.141439	1.244174
-0.136787	1.244261
-0.133213	1.244279
-0.127481	1.244172
-0.121786	1.244286
-0.119734	1.244283
-0.114672	1.244199
-0.110668	1.244314
-0.106226	1.244133
-0.101660	1.244239
-0.095136	1.244316
-0.093120	1.244385
-0.087957	1.244107
-0.084590	1.244191
-0.078656	1.244403
-0.073815	1.244360
-0.069466	1.244323
-0.064136	1.244616
-0.057721	1.244407
-0.054977	1.244615
-0.046229	1.244494
-0.044816	1.244376
-0.040397	1.244481
-0.035413	1.244367
-0.028880	1.244471
-0.025034	1.244602
-0.019655	1.244525
-0.013804	1.244666
-0.008608	1.244509
-0.003108	1.244793
0.002613	1.244817
0.007993	1.244813
0.013052	1.245078
0.018677	1.245078
0.024029	1.244965
0.029428	1.245215
0.034822	1.245225
0.040294	1.245193
0.045687	1.245021
0.051142	1.244810
0.056422	1.244524
0.061751	1.244322
0.067357	1.244413
0.072484	1.244521
0.078006	1.244206
0.083361	1.244280
0.088761	1.244186
0.094152	1.244109
0.099663	1.244123
0.104897	1.244177
0.110323	1.244013
0.115784	1.244127
0.121186	1.244130
0.126580	1.244237
0.131819	1.244013
0.137237	1.244091
0.142585	1.244115
0.147943	1.244024
0.153323	1.244203
0.158694	1.244060
0.163968	1.243926
0.169518	1.244046
0.174819	1.244059
0.180109	1.243965
0.185399	1.243851
0.190930	1.243942
0.196176	1.243998
0.201354	1.244006
0.206717	1.243901
0.212142	1.243912
0.213948	1.243767
0.210956	1.244056
0.206382	1.244063
0.201405	1.244058
0.196459	1.244019
0.191277	1.244042
0.186283	1.244001
0.181227	1.244087
0.175950	1.244128
0.170884	1.244023
0.165732	1.243962
0.160548	1.243889
0.155152	1.244047
0.150127	1.244311
0.144841	1.243997
0.139651	1.244128
0.134349	1.244170
0.129046	1.244284
0.123803	1.243998
0.118409	1.244051
0.113214	1.244186
0.107851	1.244262
0.102672	1.244199
0.097272	1.244065
0.091917	1.244050
0.086442	1.244183
0.081145	1.244200
0.075817	1.244193
0.070477	1.244255
0.065135	1.244334
0.059842	1.244220
0.054344	1.244316
0.049019	1.244230
0.043611	1.244169
0.038303	1.244227
0.032809	1.244588
0.027477	1.244716
0.021928	1.244679
0.016832	1.244758
0.011369	1.244630
0.005895	1.244754
0.000850	1.244641
-0.005290	1.244427
-0.010149	1.244544
-0.016137	1.244509
-0.021118	1.244351
-0.026567	1.244424
-0.031900	1.244291
-0.035287	1.244404
-0.042597	1.244406
-0.044389	1.244208
-0.051581	1.244186
-0.056088	1.244163
-0.061282	1.244388
-0.065958	1.244096
-0.070629	1.244025
-0.074361	1.244009
-0.081870	1.244116
-0.084607	1.243971
-0.088487	1.243985
-0.094063	1.243988
-0.099078	1.244102
-0.102924	1.244069
-0.107753	1.244160
-0.112601	1.244109
-0.117598	1.244005
-0.121989	1.243972
-0.124616	1.244023
-0.127469	1.244099
-0.135165	1.244106
-0.138108	1.244085
-0.143726	1.244005
-0.147922	1.244010
-0.152600	1.243900
-0.155625	1.243937
-0.160978	1.244171
-0.165614	1.243917
-0.169933	1.243887
-0.174082	1.244095
-0.175890	1.243864
-0.181538	1.243777
