-0.188203	7.126882
-0.185670	7.126788
-0.181980	7.126678
-0.177958	7.126744
-0.174174	7.126579
-0.169825	7.126854
-0.165768	7.126705
-0.161637	7.126807
-0.157368	7.127050
-0.153071	7.126851
-0.148830	7.126815
-0.144615	7.126670
-0.140257	7.126812
-0.135914	7.126753
-0.131582	7.126541
-0.127322	7.126628
-0.122777	7.126648
-0.118358	7.126358
-0.114002	7.126644
-0.109322	7.126575
-0.104713	7.126505
-0.100130	7.126610
-0.095515	7.126477
-0.090787	7.126500
-0.086267	7.126245
-0.081667	7.126395
-0.076946	7.126259
-0.072070	7.126133
-0.067330	7.126165
-0.062490	7.125663
-0.057716	7.126065
-0.052804	7.125844
-0.047904	7.126095
-0.043059	7.126204
-0.038134	7.126048
-0.032944	7.126297
-0.027574	7.126391
-0.022140	7.126306
-0.016711	7.126571
-0.011286	7.126744
-0.005956	7.127168
-0.000502	7.127514
0.004959	7.128660
0.010242	7.133630
0.015787	7.137146
0.021161	7.138682
0.026548	7.138567
0.032053	7.138454
0.037527	7.138216
0.042733	7.138119
0.048262	7.137998
0.053659	7.138015
0.059039	7.138059
0.064440	7.137776
0.069942	7.137784
0.075309	7.137822
0.080799	7.137495
0.086117	7.137438
0.091489	7.137367
0.096957	7.137248
0.102329	7.137163
0.107709	7.137185
0.113138	7.136954
0.118644	7.137259
0.124113	7.136645
0.129351	7.136569
0.134783	7.136469
0.140228	7.136409
0.145620	7.136720
0.150997	7.136340
0.156369	7.136652
0.161724	7.136519
0.167124	7.136588
0.172528	7.136398
0.177963	7.136342
0.183235	7.136200
0.188674	7.136147
0.194072	7.136179
0.199520	7.136083
0.204860	7.136157
0.210200	7.135946
0.212051	7.136111
0.209070	7.136112
0.204497	7.136099
0.199412	7.136014
0.194470	7.135719
0.189370	7.136048
0.184292	7.136084
0.179192	7.135816
0.173866	7.136105
0.168633	7.136087
0.163566	7.136154
0.158348	7.136354
0.153096	7.136183
0.147804	7.135980
0.142562	7.136230
0.137274	7.136483
0.131845	7.136719
0.126508	7.136382
0.121344	7.136678
0.116006	7.136637
0.110715	7.136484
0.105371	7.136701
0.099988	7.136537
0.094721	7.136444
0.089371	7.136659
0.083995	7.136744
0.078613	7.136631
0.073169	7.137105
0.067813	7.136980
0.062472	7.137061
0.057016	7.137325
0.051701	7.137450
0.046312	7.137308
0.040835	7.137212
0.035400	7.137119
0.030101	7.137348
0.024642	7.137695
0.019167	7.137473
0.013884	7.137887
0.008442	7.137647
0.003086	7.137591
-0.002398	7.137712
-0.007853	7.137107
-0.013249	7.133127
-0.018735	7.128798
-0.024130	7.126125
-0.029422	7.125133
-0.034525	7.125182
-0.039525	7.124747
-0.044461	7.124566
-0.049418	7.124717
-0.054273	7.124557
-0.059057	7.124679
-0.063894	7.124754
-0.068753	7.124461
-0.073546	7.124272
-0.078353	7.124153
-0.083116	7.124195
-0.087846	7.124172
-0.092569	7.124131
-0.097218	7.123975
-0.101810	7.123969
-0.106426	7.123714
-0.111091	7.124074
-0.115441	7.125468
-0.120340	7.123164
-0.124755	7.122953
-0.129398	7.122835
-0.133598	7.122654
-0.138617	7.122763
-0.142927	7.122581
-0.147559	7.122581
-0.151830	7.122597
-0.156116	7.122592
-0.160234	7.122531
-0.164684	7.122387
-0.168932	7.122473
-0.173150	7.122430
-0.177435	7.122484
-0.181500	7.122490
-0.185560	7.122580
