-0.193318	52.835342
-0.190650	52.835438
-0.187039	52.835136
-0.183113	52.835083
-0.179068	52.834675
-0.175263	52.834679
-0.171246	52.834751
-0.167174	52.834484
-0.162855	52.833736
-0.158718	52.833626
-0.154525	52.833477
-0.150356	52.833122
-0.146016	52.831722
-0.141795	52.831207
-0.137550	52.830540
-0.133049	52.830158
-0.128668	52.829819
-0.124206	52.829720
-0.119712	52.828907
-0.115140	52.827785
-0.110595	52.827339
-0.106048	52.826893
-0.101480	52.825470
-0.096692	52.824802
-0.092024	52.822990
-0.087498	52.822445
-0.082583	52.822010
-0.078005	52.819988
-0.073215	52.819042
-0.068382	52.818764
-0.063680	52.817196
-0.058760	52.815758
-0.053827	52.814644
-0.048812	52.813004
-0.043813	52.811790
-0.038585	52.808823
-0.033177	52.808529
-0.027814	52.807255
-0.022468	52.806240
-0.017026	52.805283
-0.011628	52.803246
-0.006240	52.802349
-0.000794	52.801491
0.004584	52.801090
0.010005	52.802364
0.015471	52.803368
0.020862	52.805794
0.026237	52.806866
0.031664	52.809021
0.037077	52.810768
0.042509	52.813145
0.047864	52.815357
0.053312	52.817162
0.058678	52.817921
0.064104	52.819744
0.069487	52.821804
0.074942	52.822464
0.080365	52.824444
0.085783	52.825115
0.091145	52.826557
0.096518	52.827438
0.101946	52.827881
0.107349	52.829109
0.112775	52.829556
0.118140	52.829964
0.123538	52.830547
0.128916	52.831482
0.134354	52.832169
0.139746	52.833023
0.145116	52.833618
0.150508	52.833881
0.155951	52.834949
0.161276	52.834755
0.166669	52.834724
0.172104	52.835167
0.177440	52.835918
0.182862	52.835426
0.188202	52.835934
0.193598	52.837021
0.198976	52.836670
0.204321	52.836609
0.206227	52.836437
0.203482	52.836716
0.199172	52.836037
0.194367	52.836109
0.189405	52.836224
0.184409	52.836090
0.179265	52.835281
0.174134	52.835888
0.168932	52.834629
0.163788	52.834599
0.158579	52.834297
0.153342	52.833134
0.148158	52.833851
0.142893	52.832630
0.137633	52.832733
0.132376	52.831673
0.127081	52.831459
0.121766	52.830688
0.116545	52.829926
0.111190	52.829033
0.105889	52.827888
0.100435	52.827221
0.095194	52.826443
0.089869	52.825603
0.084552	52.825500
0.079144	52.823624
0.073802	52.822304
0.068433	52.821682
0.063093	52.820126
0.057682	52.818790
0.052312	52.817436
0.046919	52.816093
0.041523	52.814697
0.036126	52.812721
0.030739	52.811493
0.025340	52.810291
0.019909	52.808311
0.014509	52.806988
0.009098	52.806534
0.003702	52.804173
-0.001758	52.803627
-0.007122	52.801762
-0.012523	52.800472
-0.017937	52.800846
-0.023480	52.802494
-0.028684	52.803413
-0.034195	52.804695
-0.039386	52.806961
-0.044398	52.808285
-0.049398	52.810452
-0.054324	52.812805
-0.059310	52.813671
-0.064190	52.815289
-0.069133	52.817112
-0.073919	52.818386
-0.078678	52.819542
-0.083594	52.821266
-0.088259	52.822411
-0.093027	52.823044
-0.097758	52.824261
-0.102381	52.825256
-0.106843	52.825989
-0.111582	52.827816
-0.116013	52.827900
-0.120717	52.828213
-0.125259	52.830452
-0.129980	52.830410
-0.134700	52.831131
-0.139127	52.831364
-0.143587	52.831501
-0.147984	52.832619
-0.152454	52.832146
-0.156869	52.832645
-0.160973	52.833374
-0.165178	52.833519
-0.169394	52.834606
-0.173649	52.834545
-0.177794	52.834629
-0.182074	52.834515
-0.186349	52.835449
-0.190577	52.835655
