-0.184133	4.600414
-0.181559	4.601077
-0.178043	4.601008
-0.174235	4.600677
-0.170326	4.600475
-0.166608	4.600304
-0.162324	4.600005
-0.158275	4.600113
-0.154026	4.600243
-0.150040	4.600410
-0.145904	4.600340
-0.141389	4.599809
-0.137344	4.600002
-0.133002	4.599939
-0.128677	4.599980
-0.123898	4.599640
-0.120011	4.599440
-0.115447	4.599207
-0.111008	4.599613
-0.106537	4.598900
-0.101919	4.598534
-0.097361	4.598465
-0.092804	4.598399
-0.087948	4.597896
-0.083207	4.597554
-0.078529	4.597655
-0.073841	4.597892
-0.069245	4.597187
-0.064460	4.596961
-0.059761	4.596690
-0.054922	4.596923
-0.050168	4.596558
-0.045655	4.596327
-0.040356	4.595417
-0.035290	4.595619
-0.030203	4.595511
-0.024940	4.595181
-0.019356	4.594736
-0.014187	4.594942
-0.008882	4.594570
-0.003457	4.594035
0.002164	4.594101
0.007205	4.594199
0.012726	4.594669
0.018072	4.594978
0.023484	4.595047
0.028849	4.595275
0.034273	4.596016
0.039682	4.595579
0.045046	4.596087
0.050479	4.596128
0.055806	4.596626
0.061206	4.596825
0.066561	4.596989
0.072031	4.597459
0.077430	4.598129
0.082808	4.598028
0.088194	4.598576
0.093591	4.598141
0.099006	4.598705
0.104384	4.598777
0.109717	4.599072
0.115101	4.598742
0.120514	4.598937
0.125876	4.599481
0.131294	4.599380
0.136621	4.599988
0.141997	4.600179
0.147356	4.599686
0.152712	4.599916
0.158085	4.600449
0.163448	4.599914
0.168859	4.600420
0.174197	4.600447
0.179532	4.600623
0.184954	4.600357
0.190258	4.600620
0.195605	4.600489
0.200956	4.601357
0.206242	4.600952
0.211670	4.600391
0.213483	4.600994
0.210727	4.601079
0.206416	4.601353
0.201686	4.600915
0.196724	4.601257
0.191697	4.600699
0.186605	4.600423
0.181489	4.600814
0.176394	4.600482
0.171192	4.600317
0.166001	4.599815
0.160840	4.600078
0.155691	4.600148
0.150446	4.600082
0.145196	4.600286
0.139944	4.599482
0.134713	4.600077
0.129451	4.599817
0.124148	4.599380
0.118869	4.599011
0.113563	4.599311
0.108241	4.599140
0.102948	4.598505
0.097583	4.598638
0.092313	4.598172
0.086899	4.597901
0.081606	4.597330
0.076224	4.597536
0.070899	4.597398
0.065555	4.597364
0.060121	4.596758
0.054765	4.596696
0.049438	4.595986
0.044073	4.596050
0.038711	4.595416
0.033318	4.595818
0.027945	4.595813
0.022770	4.595117
0.017199	4.595318
0.011735	4.594710
0.006556	4.594248
0.001013	4.594045
-0.004625	4.594071
-0.009809	4.594240
-0.015124	4.594880
-0.020600	4.595547
-0.025893	4.595614
-0.031267	4.595386
-0.036143	4.595953
-0.041073	4.595952
-0.046012	4.596493
-0.050843	4.595980
-0.055662	4.596822
-0.060497	4.596896
-0.065259	4.597093
-0.069763	4.597234
-0.074745	4.597366
-0.079507	4.598066
-0.084457	4.598535
-0.089190	4.598100
-0.093556	4.598432
-0.098150	4.598869
-0.102828	4.598330
-0.107414	4.598872
-0.112013	4.599000
-0.116560	4.598831
-0.121113	4.599272
-0.125563	4.600380
-0.129963	4.599542
-0.134215	4.599713
-0.138627	4.599610
-0.143006	4.600314
-0.147501	4.600513
-0.151826	4.599779
-0.155720	4.600578
-0.160043	4.600185
-0.164519	4.600181
-0.168831	4.600041
-0.173362	4.600883
-0.177465	4.600609
-0.181682	4.600648
