-0.191732	10.965716
-0.190205	10.965914
-0.188047	10.966038
-0.185779	10.966537
-0.183430	10.966377
-0.181036	10.964707
-0.178810	10.964364
-0.176453	10.964236
-0.173921	10.964822
-0.171393	10.965292
-0.168839	10.963714
-0.166268	10.963439
-0.163721	10.964582
-0.161191	10.962512
-0.158721	10.963329
-0.156139	10.962205
-0.153372	10.961478
-0.151046	10.961435
-0.148838	10.960146
-0.146062	10.960388
-0.143469	10.960995
-0.140861	10.960791
-0.138078	10.960167
-0.135479	10.960010
-0.132610	10.959439
-0.130187	10.959058
-0.127387	10.958836
-0.124817	10.958889
-0.121907	10.958010
-0.119444	10.958215
-0.116654	10.958816
-0.114062	10.957347
-0.111117	10.957006
-0.108548	10.957321
-0.105799	10.957487
-0.102936	10.957787
-0.100269	10.957437
-0.097449	10.956933
-0.094759	10.956064
-0.091798	10.956183
-0.089241	10.956545
-0.086215	10.956385
-0.083389	10.956129
-0.080637	10.955626
-0.077776	10.954577
-0.074897	10.954601
-0.072110	10.954868
-0.069190	10.954771
-0.066231	10.954264
-0.063517	10.953341
-0.060407	10.954448
-0.057466	10.953017
-0.054391	10.954664
-0.051408	10.953837
-0.048518	10.953475
-0.045476	10.953258
-0.042467	10.952372
-0.039374	10.951369
-0.036139	10.952110
-0.032909	10.951243
-0.029629	10.951403
-0.026204	10.950701
-0.023113	10.951142
-0.019882	10.951202
-0.016669	10.950583
-0.013402	10.951489
-0.010138	10.949574
-0.006846	10.949328
-0.003604	10.949308
-0.000320	10.949809
0.002956	10.950152
0.006218	10.950407
0.009496	10.949059
0.012759	10.949325
0.016040	10.949159
0.019318	10.949258
0.022546	10.948314
0.025764	10.947728
0.029124	10.947916
0.032424	10.947966
0.035616	10.947083
0.038857	10.947528
0.042138	10.947908
0.045364	10.948068
0.048645	10.947826
0.051907	10.946075
0.055140	10.947687
0.058438	10.947282
0.061639	10.947462
0.064922	10.946858
0.068154	10.946897
0.071408	10.946334
0.074723	10.947782
0.077937	10.945912
0.081208	10.946377
0.084457	10.945953
0.087703	10.946963
0.090960	10.946402
0.094216	10.946556
0.097464	10.945245
0.100701	10.945402
0.103969	10.945587
0.107216	10.945632
0.110425	10.944666
0.113702	10.945698
0.116949	10.945191
0.120199	10.944264
0.123458	10.945225
0.126698	10.944979
0.129899	10.944962
0.133150	10.944132
0.136416	10.943695
0.139660	10.943979
0.142872	10.945126
0.146098	10.944701
0.149368	10.944942
0.152604	10.944775
0.155853	10.945460
0.159102	10.945442
0.162308	10.943970
0.165541	10.945271
0.168765	10.944004
0.171998	10.944694
0.175243	10.944251
0.178453	10.944265
0.181727	10.944324
0.184906	10.945189
0.188154	10.944486
0.191367	10.944483
0.194589	10.943705
0.197833	10.943133
0.201029	10.944350
0.204228	10.944000
0.207452	10.943962
0.208566	10.943378
0.206793	10.943398
0.204058	10.942814
0.201098	10.943000
0.198169	10.943289
0.195074	10.942903
0.192056	10.942723
0.189035	10.942544
0.185971	10.941859
0.182875	10.941875
0.179807	10.942311
0.176708	10.941316
0.173610	10.941751
0.170467	10.941651
0.167365	10.941006
0.164233	10.940780
0.161120	10.941605
0.157968	10.941120
0.154829	10.941605
0.151699	10.940304
0.148518	10.942094
0.145355	10.940478
0.142235	10.939527
0.139048	10.939574
0.135881	10.940216
0.132699	10.940191
0.129535	10.939263
0.126340	10.939036
0.123168	10.938881
0.119993	10.938903
0.116803	10.939800
0.113584	10.938815
0.110420	10.939439
0.107217	10.939234
0.104008	10.938892
0.100764	10.938595
0.097573	10.938921
0.094397	10.938823
0.091140	10.939461
0.087920	10.939708
0.084716	10.940132
0.081474	10.937995
0.078293	10.938599
0.075033	10.937782
0.071825	10.939036
0.068590	10.938396
0.065357	10.939242
0.062135	10.939285
0.058863	10.938520
0.055665	10.938341
0.052383	10.938240
0.049176	10.938138
0.045926	10.937637
0.042689	10.938044
0.039450	10.937743
0.036219	10.938684
0.032947	10.937819
0.029702	10.938123
0.026508	10.939394
0.023228	10.938546
0.019995	10.938559
0.016736	10.937735
0.013471	10.938288
0.010208	10.937927
0.006955	10.939036
0.003720	10.937496
0.000413	10.937841
-0.002828	10.938670
-0.006109	10.938043
-0.009330	10.936588
-0.012639	10.939065
-0.015917	10.937680
-0.019209	10.937498
-0.022472	10.938642
-0.025759	10.939006
-0.028986	10.937417
-0.032247	10.938199
-0.035557	10.938139
-0.038591	10.938474
-0.041641	10.937669
-0.044600	10.938291
-0.047584	10.938918
-0.050615	10.939037
-0.053490	10.936967
-0.056453	10.937346
-0.059423	10.938292
-0.062404	10.938358
-0.065262	10.937835
-0.068152	10.937688
-0.071035	10.937063
-0.074133	10.937907
-0.077129	10.938491
-0.079876	10.938491
-0.082655	10.937666
-0.085530	10.937950
-0.088282	10.937014
-0.091314	10.937305
-0.094076	10.937268
-0.096959	10.938319
-0.099974	10.937412
-0.102336	10.937053
-0.105166	10.937836
-0.108117	10.937593
-0.110746	10.937832
-0.113664	10.937979
-0.116496	10.936809
-0.119304	10.938403
-0.122039	10.938295
-0.124777	10.937547
-0.127446	10.937975
-0.130323	10.937743
-0.133077	10.937118
-0.135731	10.938004
-0.138385	10.938671
-0.141009	10.938909
-0.143692	10.938808
-0.146292	10.939007
-0.148856	10.939412
-0.151583	10.939090
-0.154196	10.938503
-0.156882	10.939021
-0.159417	10.938705
-0.161904	10.937493
-0.164407	10.937398
-0.167186	10.937739
-0.169736	10.938424
-0.172192	10.937782
-0.174659	10.937220
-0.177483	10.937381
-0.179812	10.937297
-0.182636	10.936285
-0.185109	10.936667
-0.187408	10.936464
-0.189836	10.935821
