-0.262297	13.185369
-0.261886	13.185776
-0.261328	13.185682
-0.260690	13.184968
-0.260086	13.184664
-0.259405	13.185068
-0.258762	13.185170
-0.258080	13.183344
-0.257403	13.183140
-0.256643	13.184556
-0.255842	13.184455
-0.255077	13.183951
-0.254427	13.182630
-0.253714	13.182318
-0.253058	13.182422
-0.252383	13.181303
-0.251642	13.182319
-0.250828	13.183029
-0.250187	13.182723
-0.249526	13.181914
-0.248749	13.181097
-0.248096	13.182113
-0.247459	13.181706
-0.246787	13.180590
-0.246097	13.179781
-0.245351	13.182220
-0.244617	13.180288
-0.243889	13.178152
-0.243252	13.178555
-0.242472	13.177440
-0.241821	13.179372
-0.241119	13.177641
-0.240430	13.179362
-0.239654	13.177542
-0.238951	13.176723
-0.238219	13.177639
-0.237469	13.175912
-0.236777	13.176823
-0.236005	13.175303
-0.235260	13.173573
-0.234554	13.175304
-0.233853	13.176209
-0.232989	13.175702
-0.232227	13.174894
-0.231499	13.177128
-0.230723	13.175505
-0.229974	13.175703
-0.229120	13.175711
-0.228478	13.177227
-0.227730	13.174895
-0.226952	13.174991
-0.226223	13.174993
-0.225530	13.173874
-0.224756	13.171741
-0.223999	13.173774
-0.223210	13.171642
-0.222507	13.173571
-0.221748	13.173372
-0.220969	13.173579
-0.220156	13.172662
-0.219390	13.172254
-0.218542	13.172152
-0.217906	13.171643
-0.217115	13.171337
-0.216333	13.172860
-0.215561	13.171944
-0.214802	13.172859
-0.214016	13.173470
-0.213235	13.171943
-0.212480	13.172958
-0.211692	13.171130
-0.210829	13.172250
-0.210159	13.171031
-0.209370	13.171532
-0.208561	13.173162
-0.207720	13.170934
-0.206930	13.170625
-0.206157	13.171128
-0.205385	13.171134
-0.204597	13.171945
-0.203810	13.169710
-0.203021	13.170009
-0.202208	13.168181
-0.201430	13.169398
-0.200591	13.170421
-0.199870	13.168591
-0.199084	13.168686
-0.198234	13.169602
-0.197447	13.168481
-0.196618	13.167770
-0.195783	13.168177
-0.195028	13.167877
-0.194234	13.166757
-0.193476	13.168279
-0.192624	13.167875
-0.191814	13.166959
-0.190995	13.167261
-0.190255	13.167674
-0.189436	13.168684
-0.188605	13.166953
-0.187805	13.167262
-0.186937	13.167264
-0.186116	13.168171
-0.185265	13.167161
-0.184493	13.166959
-0.183639	13.167976
-0.182820	13.166957
-0.182013	13.166652
-0.181238	13.166348
-0.180415	13.166553
-0.179636	13.164824
-0.178790	13.166350
-0.178025	13.166861
-0.177125	13.165534
-0.176275	13.165029
-0.175461	13.164214
-0.174631	13.164824
-0.173854	13.164622
-0.173001	13.165841
-0.172162	13.164517
-0.171266	13.163602
-0.170457	13.164618
-0.169603	13.163807
-0.168763	13.162996
-0.167935	13.163906
-0.167080	13.163708
-0.166237	13.162692
-0.165430	13.161769
-0.164554	13.162386
-0.163770	13.162382
-0.162859	13.161976
-0.161983	13.161670
-0.161100	13.161771
-0.160304	13.161770
-0.159385	13.161266
-0.158556	13.160756
-0.157743	13.162078
-0.156925	13.160454
-0.156003	13.161880
-0.155284	13.162793
-0.154295	13.162483
-0.153315	13.161465
-0.152618	13.162077
-0.151734	13.161770
-0.150890	13.161155
-0.150044	13.160046
-0.149149	13.161571
-0.148250	13.161866
-0.147295	13.161058
-0.146553	13.161563
-0.145686	13.159122
-0.144831	13.158923
-0.143959	13.159029
-0.143111	13.160146
-0.142190	13.159637
-0.141345	13.160144
-0.140562	13.161058
-0.139600	13.160852
-0.138714	13.161054
-0.137840	13.160857
-0.136923	13.160346
-0.136047	13.160645
-0.135215	13.159335
-0.134365	13.158725
-0.133492	13.159231
-0.132620	13.158718
-0.131692	13.159026
-0.130730	13.159634
-0.129868	13.160644
-0.129057	13.160343
-0.128186	13.159118
-0.127238	13.160847
-0.126358	13.159022
-0.125423	13.158713
-0.124533	13.159837
-0.123650	13.160441
-0.122754	13.158916
-0.121850	13.161252
-0.120996	13.162168
-0.120058	13.160947
-0.119133	13.161557
-0.118215	13.160233
-0.117353	13.159629
-0.116451	13.159926
-0.115633	13.160132
-0.114681	13.159832
-0.113809	13.161044
-0.112902	13.158911
-0.111962	13.158713
-0.111026	13.160536
-0.110113	13.159317
-0.109196	13.160742
-0.108281	13.161154
-0.107357	13.160649
-0.106470	13.160140
-0.105577	13.161658
-0.104711	13.161047
-0.103805	13.160543
-0.102873	13.160542
-0.101930	13.159834
-0.101002	13.160544
-0.100080	13.158406
-0.099138	13.158509
-0.098224	13.160844
-0.097277	13.159425
-0.096352	13.160337
-0.095419	13.159316
-0.094510	13.159930
-0.093602	13.159517
-0.092686	13.161353
-0.091787	13.160844
-0.090830	13.160536
-0.089936	13.161559
-0.089006	13.159422
-0.088072	13.159324
-0.087126	13.158302
-0.086147	13.159827
-0.085369	13.159222
-0.084366	13.159928
-0.083386	13.159623
-0.082415	13.160336
-0.081496	13.159530
-0.080566	13.160329
-0.079643	13.159522
-0.078710	13.158916
-0.077740	13.159830
-0.076822	13.158097
-0.075864	13.158403
-0.074934	13.157590
-0.073984	13.158706
-0.073112	13.160733
-0.072352	13.159008
-0.071314	13.159418
-0.070258	13.159423
-0.069278	13.158400
-0.068319	13.159219
-0.067381	13.158810
-0.066331	13.159007
-0.065451	13.159419
-0.064519	13.158604
-0.063556	13.159014
-0.062684	13.159421
-0.061669	13.158810
-0.060662	13.159510
-0.059652	13.157586
-0.058718	13.158195
-0.057709	13.158398
-0.056762	13.158698
-0.055812	13.159112
-0.054731	13.159113
-0.053845	13.159212
-0.052861	13.159001
-0.051920	13.159215
-0.050931	13.159925
-0.049999	13.157990
-0.048991	13.158700
-0.048023	13.159411
-0.047070	13.157883
-0.046068	13.159109
-0.045028	13.158395
-0.044122	13.160833
-0.043117	13.158598
-0.042081	13.159202
-0.041138	13.158695
-0.040163	13.158811
-0.039152	13.156872
-0.038168	13.157281
-0.037142	13.157887
-0.036157	13.158392
-0.035149	13.157279
-0.034185	13.157275
-0.033196	13.156058
-0.032183	13.157686
-0.031154	13.157783
-0.030139	13.158494
-0.029064	13.157686
-0.028001	13.156566
-0.026903	13.157278
-0.025855	13.157582
-0.024776	13.156971
-0.023687	13.157378
-0.022614	13.157275
-0.021542	13.159616
-0.020459	13.156673
-0.019364	13.156872
-0.018301	13.157475
-0.017223	13.156669
-0.016147	13.157686
-0.015069	13.156059
-0.013996	13.156565
-0.012889	13.157377
-0.011814	13.156054
-0.010729	13.156975
-0.009679	13.156366
-0.008590	13.155961
-0.007489	13.155857
-0.006439	13.155041
-0.005350	13.155751
-0.004274	13.156359
-0.003174	13.156664
-0.002097	13.155444
-0.001015	13.157172
0.000065	13.156257
0.001114	13.155642
0.002221	13.155847
0.003288	13.155849
0.004395	13.154729
0.005472	13.154736
0.006547	13.154325
0.007606	13.154428
0.008708	13.155745
0.009795	13.154020
0.010867	13.154128
0.011945	13.154018
0.013041	13.155238
0.014115	13.154836
0.015204	13.154229
0.016251	13.154533
0.017351	13.155034
0.018420	13.153925
0.019496	13.155037
0.020598	13.153715
0.021678	13.154740
0.022738	13.154732
0.023823	13.154843
0.024909	13.154939
0.026013	13.155445
0.027050	13.153927
0.028127	13.153917
0.029235	13.154431
0.030289	13.154935
0.031398	13.154420
0.032467	13.155039
0.033552	13.153919
0.034622	13.154328
0.035714	13.153726
0.036781	13.153315
0.037868	13.154934
0.038950	13.154532
0.040019	13.153922
0.041094	13.153312
0.042179	13.155339
0.043275	13.154328
0.044329	13.154736
0.045415	13.154742
0.046488	13.154534
0.047586	13.154429
0.048648	13.156969
0.049748	13.154634
0.050806	13.154530
0.051920	13.155141
0.052973	13.154737
0.054061	13.155546
0.055131	13.154943
0.056199	13.154532
0.057299	13.154025
0.058377	13.153818
0.059444	13.154939
0.060553	13.154838
0.061604	13.153926
0.062690	13.155246
0.063741	13.154333
0.064842	13.154230
0.065954	13.154430
0.067003	13.153725
0.068087	13.153822
0.069172	13.155343
0.070237	13.154325
0.071320	13.154225
0.072408	13.155442
0.073463	13.155645
0.074544	13.154830
0.075626	13.155031
0.076716	13.156356
0.077805	13.155950
0.078852	13.155648
0.079948	13.154731
0.081022	13.156155
0.082116	13.155544
0.083189	13.156555
0.084260	13.154833
0.085362	13.156044
0.086404	13.153813
0.087494	13.156549
0.088576	13.154626
0.089654	13.156257
0.090744	13.156759
0.091810	13.155338
0.092884	13.155336
0.093961	13.156867
0.095053	13.154935
0.096133	13.155645
0.097205	13.154825
0.098279	13.155746
0.099364	13.154625
0.100427	13.155031
0.101519	13.156659
0.102591	13.154935
0.103651	13.154831
0.104760	13.154223
0.105816	13.154933
0.106896	13.153713
0.107992	13.155849
0.109035	13.155234
0.110130	13.154935
0.111200	13.154730
0.112294	13.154630
0.113348	13.154118
0.114434	13.154620
0.115536	13.154321
0.116586	13.154522
0.117691	13.155849
0.118758	13.154729
0.119831	13.154423
0.120874	13.154822
0.121938	13.156147
0.123056	13.156659
0.124155	13.156761
0.125239	13.156051
0.126292	13.158083
0.127338	13.156454
0.128438	13.155544
0.129500	13.156254
0.130564	13.155034
0.131661	13.155841
0.132763	13.155637
0.133813	13.157162
0.134891	13.156248
0.135958	13.155332
0.137047	13.155432
0.138107	13.156045
0.139193	13.155233
0.140284	13.155228
0.141335	13.154413
0.142422	13.155944
0.143505	13.156657
0.144569	13.156144
0.145643	13.153708
0.146707	13.154011
0.147788	13.155945
0.148863	13.155134
0.149946	13.155030
0.151001	13.156347
0.152078	13.155643
0.153153	13.156449
0.154233	13.155231
0.155321	13.154118
0.156363	13.156353
0.157458	13.155534
0.158503	13.155029
0.159605	13.156652
0.160672	13.155536
0.161760	13.154825
0.162829	13.155230
0.163895	13.155027
0.164988	13.155832
0.166036	13.156448
0.167109	13.158175
0.168176	13.156752
0.169262	13.156444
0.170329	13.155940
0.171404	13.155128
0.172469	13.156041
0.173555	13.155231
0.174629	13.158171
0.175706	13.156348
0.176774	13.157866
0.177812	13.157354
0.178923	13.156341
0.179964	13.154820
0.181037	13.156245
0.182129	13.154106
0.183187	13.155016
0.184251	13.154603
0.185333	13.155824
0.186416	13.157051
0.187462	13.156034
0.188545	13.156443
0.189612	13.154708
0.190690	13.154512
0.191769	13.155728
0.192823	13.154310
0.193923	13.154719
0.194958	13.155122
0.196044	13.154516
0.197116	13.155733
0.198168	13.154515
0.199277	13.153803
0.200343	13.154613
0.201378	13.153800
0.202462	13.154100
0.203553	13.153993
0.204578	13.154200
0.205688	13.155316
0.206745	13.154203
0.207802	13.154096
0.208880	13.154095
0.209929	13.153490
0.211011	13.153391
0.212066	13.153698
0.213143	13.153589
0.214216	13.155113
0.215289	13.154914
0.216357	13.154204
0.217422	13.155117
0.218479	13.153995
0.219542	13.154201
0.220638	13.154914
0.221656	13.153491
0.222746	13.152573
0.223806	13.153598
0.224876	13.152380
0.225954	13.154208
0.226999	13.153903
0.228072	13.152990
0.229075	13.153290
0.230186	13.154106
0.231266	13.153696
0.232352	13.154004
0.233405	13.152576
0.234457	13.152467
0.235552	13.153287
0.236601	13.153697
0.237658	13.153191
0.238732	13.153491
0.239804	13.152685
0.240854	13.152073
0.241937	13.153090
0.243001	13.151772
0.244051	13.153194
0.245143	13.153092
0.246158	13.152181
0.247234	13.152683
0.248307	13.152174
0.249350	13.151974
0.250425	13.151364
0.251493	13.151466
0.252553	13.151670
0.253594	13.150349
0.254657	13.150043
0.255727	13.152167
0.256811	13.151155
0.257879	13.150443
0.258927	13.151149
0.259970	13.151257
0.261054	13.152779
0.262109	13.151259
0.263169	13.150135
0.264229	13.150645
0.265283	13.150639
0.266349	13.150134
0.267431	13.151962
0.268442	13.152980
0.269520	13.151863
0.270576	13.150851
0.271635	13.152480
0.272712	13.152575
0.273759	13.152069
0.274822	13.151764
0.275891	13.151262
0.276916	13.151873
0.277995	13.152680
0.279038	13.153902
0.280117	13.152679
0.281183	13.152583
0.282260	13.151664
0.283291	13.151762
0.284379	13.151256
0.285408	13.151762
0.286481	13.151155
0.287530	13.152987
0.288613	13.151153
0.289658	13.150040
0.290706	13.151667
0.291787	13.150852
0.292822	13.151560
0.293910	13.150239
0.294969	13.149320
0.296023	13.151048
0.297072	13.149423
0.298130	13.150851
0.299202	13.150542
0.300255	13.151667
0.301278	13.152775
0.302368	13.151658
0.303401	13.150743
0.304486	13.151563
0.305531	13.151250
0.306569	13.151352
0.307636	13.151654
0.308703	13.152372
0.309766	13.152373
0.310785	13.153188
0.311863	13.152472
0.312906	13.152573
0.313959	13.151763
0.314998	13.152164
0.316070	13.151155
0.317115	13.151560
0.318167	13.151050
0.319247	13.150539
0.319581	13.149525
0.319043	13.151256
0.318233	13.150742
0.317324	13.152161
0.316377	13.151455
0.315401	13.151759
0.314447	13.151552
0.313479	13.150532
0.312499	13.150439
0.311523	13.151656
0.310545	13.152059
0.309541	13.151245
0.308564	13.150635
0.307576	13.152972
0.306606	13.152670
0.305610	13.152371
0.304598	13.150846
0.303629	13.150630
0.302615	13.150437
0.301598	13.152267
0.300599	13.152272
0.299599	13.150750
0.298604	13.152162
0.297590	13.151048
0.296587	13.151968
0.295579	13.150442
0.294555	13.151558
0.293542	13.150738
0.292532	13.151759
0.291518	13.151960
0.290507	13.149824
0.289481	13.149524
0.288462	13.151140
0.287435	13.150436
0.286421	13.150336
0.285397	13.151556
0.284368	13.151551
0.283345	13.151662
0.282346	13.152168
0.281314	13.151558
0.280285	13.152163
0.279251	13.152062
0.278238	13.152166
0.277234	13.151860
0.276181	13.151252
0.275172	13.150534
0.274133	13.150536
0.273130	13.151750
0.272074	13.153683
0.271038	13.152160
0.270023	13.151854
0.268972	13.152264
0.267912	13.152462
0.266981	13.151448
0.265906	13.151452
0.264816	13.151349
0.263838	13.151854
0.262784	13.150943
0.261759	13.151154
0.260739	13.151754
0.259683	13.152769
0.258647	13.151756
0.257595	13.150743
0.256579	13.151552
0.255532	13.152466
0.254510	13.151963
0.253440	13.151446
0.252423	13.152664
0.251375	13.151955
0.250332	13.150538
0.249275	13.151553
0.248261	13.152160
0.247202	13.151556
0.246159	13.152159
0.245132	13.152669
0.244093	13.151045
0.243053	13.152872
0.241991	13.152264
0.240970	13.152269
0.239914	13.152268
0.238858	13.152673
0.237841	13.151755
0.236806	13.153789
0.235727	13.152565
0.234681	13.152059
0.233636	13.151650
0.232604	13.153281
0.231545	13.153180
0.230483	13.153382
0.229460	13.153075
0.228414	13.152266
0.227356	13.152975
0.226325	13.155012
0.225287	13.152971
0.224223	13.152058
0.223161	13.153073
0.222131	13.152260
0.221056	13.151757
0.220007	13.150734
0.218969	13.151755
0.217927	13.151342
0.216858	13.150531
0.215821	13.151754
0.214766	13.151146
0.213698	13.151041
0.212665	13.152873
0.211620	13.152460
0.210578	13.151146
0.209508	13.150428
0.208486	13.150023
0.207438	13.150633
0.206372	13.150540
0.205301	13.150028
0.204257	13.149925
0.203195	13.151960
0.202128	13.150434
0.201086	13.150941
0.200045	13.149716
0.198974	13.150533
0.197854	13.150740
0.196859	13.151143
0.195823	13.152456
0.194754	13.152761
0.193710	13.150834
0.192652	13.152667
0.191606	13.151047
0.190526	13.151855
0.189456	13.150433
0.188404	13.149918
