-0.184640	1.245543
-0.181501	1.245174
-0.177121	1.245541
-0.173153	1.245106
-0.169851	1.245205
-0.166546	1.245005
-0.160496	1.245069
-0.156695	1.244938
-0.153604	1.245608
-0.149851	1.245306
-0.145408	1.245408
-0.140163	1.245507
-0.136732	1.245607
-0.130411	1.245272
-0.128775	1.245372
-0.123545	1.245742
-0.115499	1.245707
-0.114890	1.245173
-0.110727	1.245106
-0.106386	1.245307
-0.101579	1.245205
-0.097684	1.245442
-0.091765	1.245507
-0.089138	1.245171
-0.084375	1.245037
-0.078670	1.245573
-0.073661	1.245375
-0.068534	1.245106
-0.063682	1.244903
-0.059882	1.245374
-0.055254	1.245675
-0.047739	1.245206
-0.045849	1.245004
-0.039423	1.245073
-0.035723	1.245677
-0.030691	1.245374
-0.024587	1.245204
-0.019770	1.245071
-0.014397	1.245976
-0.009231	1.245542
-0.003627	1.245911
0.001558	1.245810
0.007446	1.245978
0.012800	1.245844
0.018136	1.246281
0.023613	1.245745
0.029005	1.245944
0.034246	1.246081
0.039882	1.245710
0.045167	1.245576
0.050579	1.245441
0.056053	1.244837
0.061367	1.245139
0.066738	1.245104
0.072062	1.245173
0.077446	1.245241
0.082889	1.245308
0.088286	1.245341
0.093568	1.244771
0.099074	1.245509
0.104461	1.245239
0.109913	1.245308
0.115307	1.245139
0.120639	1.245171
0.125964	1.244668
0.131336	1.244804
0.136844	1.245105
0.142167	1.244502
0.147581	1.244971
0.152944	1.244434
0.158052	1.245138
0.163433	1.244972
0.168931	1.244604
0.174235	1.244804
0.179619	1.244938
0.185096	1.244704
0.190404	1.244770
0.195701	1.244436
0.201151	1.244669
0.206404	1.244970
0.211674	1.245005
0.213556	1.245005
0.210820	1.245542
0.206567	1.244804
0.201687	1.244904
0.196797	1.244938
0.191841	1.245241
0.186837	1.245308
0.181661	1.245072
0.176330	1.244570
0.171330	1.244973
0.165846	1.244972
0.161016	1.244873
0.155588	1.244807
0.150483	1.245341
0.145215	1.245208
0.140138	1.244704
0.134700	1.245341
0.129480	1.245239
0.124229	1.245107
0.118803	1.244903
0.113629	1.245307
0.108270	1.244971
0.102879	1.245407
0.097530	1.244936
0.092269	1.244936
0.086911	1.245542
0.081665	1.245373
0.076313	1.245474
0.070907	1.245005
0.065444	1.244706
0.060186	1.244838
0.054773	1.245572
0.049386	1.245373
0.044077	1.245139
0.038782	1.245608
0.033309	1.245104
0.027927	1.245944
0.022251	1.246245
0.016914	1.245406
0.012947	1.245373
0.006285	1.245708
0.000959	1.245406
-0.005019	1.245237
-0.010020	1.245442
-0.015846	1.245239
-0.021182	1.245005
-0.026254	1.245204
-0.031461	1.245371
-0.036642	1.245472
-0.040541	1.245171
-0.046416	1.244968
-0.051027	1.245238
-0.056037	1.244969
-0.058520	1.245272
-0.065691	1.245372
-0.070830	1.245138
-0.075167	1.244804
-0.080564	1.245138
-0.084501	1.245070
-0.088986	1.245473
-0.093794	1.244905
-0.098086	1.245340
-0.102202	1.244970
-0.107782	1.244805
-0.110213	1.245039
-0.115325	1.244501
-0.119130	1.245037
-0.126139	1.244368
-0.129554	1.244467
-0.134385	1.245474
-0.138747	1.244703
-0.143608	1.244735
-0.144481	1.244736
-0.151624	1.244736
-0.156886	1.244603
-0.159210	1.244904
-0.163031	1.244634
-0.169625	1.244264
-0.173269	1.244702
-0.178176	1.245103
-0.181849	1.244501
