-0.191367	10.934049
-0.190900	10.933764
-0.190132	10.933867
-0.189441	10.933481
-0.188866	10.933269
-0.188049	10.933307
-0.187230	10.933728
-0.186535	10.934034
-0.185664	10.932963
-0.184848	10.932855
-0.183986	10.933134
-0.183282	10.933539
-0.182667	10.934127
-0.181718	10.933868
-0.180819	10.933105
-0.179780	10.933935
-0.178996	10.933188
-0.178263	10.934471
-0.177440	10.933604
-0.176574	10.932920
-0.175994	10.933747
-0.175562	10.933302
-0.174636	10.933442
-0.173592	10.933603
-0.172790	10.933464
-0.171723	10.932884
-0.170862	10.933203
-0.170192	10.932986
-0.169449	10.933413
-0.168639	10.933932
-0.167847	10.933588
-0.167031	10.934312
-0.166205	10.933932
-0.165397	10.933104
-0.164668	10.933504
-0.163841	10.932538
-0.162896	10.932797
-0.162009	10.932978
-0.161138	10.933078
-0.160235	10.932915
-0.159384	10.932859
-0.158390	10.932190
-0.157781	10.932980
-0.157021	10.932516
-0.156241	10.932562
-0.155262	10.933265
-0.154438	10.932744
-0.153538	10.932721
-0.152532	10.932355
-0.151741	10.932716
-0.151082	10.932334
-0.150151	10.932719
-0.149419	10.932938
-0.148557	10.933223
-0.147695	10.932556
-0.147018	10.932977
-0.146092	10.932488
-0.145266	10.933170
-0.144369	10.933372
-0.143445	10.933228
-0.142619	10.932348
-0.141669	10.932910
-0.140671	10.931379
-0.139763	10.933503
-0.138980	10.933238
-0.138093	10.934525
-0.137231	10.933822
-0.136215	10.933073
-0.135312	10.932790
-0.134601	10.933049
-0.133677	10.932402
-0.132834	10.932747
-0.132068	10.933109
-0.131439	10.932490
-0.130438	10.932171
-0.129510	10.932529
-0.128228	10.934123
-0.127543	10.933035
-0.126670	10.933211
-0.125604	10.933251
-0.124811	10.932370
-0.123725	10.933111
-0.123040	10.932588
-0.122020	10.932369
-0.121511	10.933836
-0.120527	10.933087
-0.119479	10.933678
-0.118581	10.932949
-0.117648	10.933511
-0.116871	10.933818
-0.115777	10.932674
-0.114949	10.932211
-0.113947	10.933188
-0.113029	10.932867
-0.112450	10.933828
-0.111509	10.933769
-0.110535	10.933224
-0.109708	10.933343
-0.108942	10.933447
-0.108031	10.933707
-0.107318	10.933108
-0.106389	10.933992
-0.105536	10.932663
-0.104575	10.932660
-0.103539	10.932413
-0.102522	10.933537
-0.101613	10.932737
-0.100517	10.933264
-0.099651	10.931379
-0.098728	10.931976
-0.097821	10.931291
-0.096727	10.932258
-0.095643	10.930687
-0.094724	10.931616
-0.093806	10.931011
-0.093128	10.931196
-0.092006	10.931657
-0.091066	10.931051
-0.090085	10.930892
-0.089133	10.930752
-0.088101	10.930268
-0.087124	10.930024
-0.086038	10.930285
-0.085104	10.931914
-0.084154	10.930468
-0.083336	10.931148
-0.082473	10.930346
-0.081484	10.930365
-0.080455	10.929741
-0.079505	10.931535
-0.078569	10.929516
-0.077646	10.930791
-0.076904	10.932457
-0.076026	10.932880
-0.074951	10.931533
-0.074075	10.931553
-0.073176	10.931508
-0.072267	10.931490
-0.071477	10.931534
-0.070420	10.931974
-0.069427	10.932213
-0.068326	10.931830
-0.067279	10.932045
-0.066216	10.930441
-0.065169	10.931188
-0.064171	10.930704
-0.063243	10.930240
-0.062281	10.930055
-0.061274	10.930579
-0.060294	10.930366
-0.059238	10.931592
-0.058384	10.930581
-0.057351	10.930744
-0.056359	10.930497
-0.055400	10.930964
-0.054404	10.931066
-0.053454	10.930330
-0.052402	10.930970
-0.051331	10.930367
-0.050366	10.931646
-0.049259	10.932209
-0.048426	10.930984
-0.047450	10.931250
-0.046496	10.930604
-0.045566	10.930745
-0.044513	10.930863
-0.043467	10.930079
-0.042602	10.930099
-0.041474	10.931307
-0.040397	10.930598
-0.039360	10.930658
-0.038410	10.929897
-0.037343	10.930161
-0.036254	10.929195
-0.035200	10.930756
-0.034056	10.931349
-0.032974	10.931947
-0.031968	10.931525
-0.030858	10.930376
-0.029817	10.931852
-0.028575	10.930516
-0.027692	10.930514
-0.026618	10.930472
-0.025452	10.930553
-0.024386	10.930938
-0.023292	10.931053
-0.022223	10.931259
-0.021099	10.931257
-0.020052	10.930014
-0.018954	10.931096
-0.017891	10.930115
-0.016848	10.930094
-0.015667	10.929608
-0.014624	10.929529
-0.013587	10.929409
-0.012448	10.931052
-0.011232	10.929080
-0.010288	10.930735
-0.009108	10.930475
-0.007919	10.931178
-0.007047	10.929920
-0.005924	10.929943
-0.004838	10.930969
-0.003745	10.930211
-0.002651	10.930350
-0.001545	10.929400
-0.000476	10.929380
0.000589	10.929562
0.001741	10.929785
0.002797	10.929278
0.003907	10.929944
0.005051	10.930607
0.006094	10.930466
0.007175	10.931590
0.008235	10.930387
0.009348	10.929849
0.010403	10.929444
0.011496	10.929969
0.012607	10.928880
0.013663	10.928517
0.014798	10.928981
0.015870	10.929219
0.016914	10.929119
0.018003	10.929008
0.019121	10.929513
0.020220	10.929372
0.021277	10.929062
0.022343	10.928296
0.023453	10.929484
0.024553	10.929218
0.025663	10.928699
0.026709	10.929343
0.027829	10.929863
0.028887	10.929461
0.029982	10.929620
0.031055	10.929279
0.032135	10.928921
0.033245	10.928901
0.034303	10.929786
0.035424	10.928096
0.036506	10.928053
0.037578	10.928459
0.038673	10.929819
0.039767	10.930003
0.040834	10.929716
0.041921	10.929054
0.043016	10.928207
0.044098	10.928793
0.045171	10.929214
0.046251	10.929619
0.047322	10.928653
0.048441	10.929295
0.049544	10.928615
0.050595	10.928535
0.051677	10.928046
0.052788	10.930042
0.053889	10.930200
0.054994	10.929296
0.056035	10.928909
0.057123	10.929173
0.058192	10.929637
0.059298	10.928785
0.060401	10.928368
0.061439	10.928894
0.062519	10.928748
0.063638	10.929419
0.064705	10.929138
0.065797	10.930000
0.066860	10.928829
0.067978	10.929895
0.069056	10.929852
0.070106	10.929556
0.071207	10.930299
0.072274	10.930220
0.073373	10.929519
0.074459	10.929276
0.075559	10.928995
0.076666	10.929895
0.077691	10.929670
0.078818	10.929331
0.079919	10.929821
0.080945	10.928931
0.082030	10.928873
0.083133	10.930457
0.084189	10.929090
0.085311	10.928985
0.086374	10.927981
0.087486	10.929145
0.088532	10.929068
0.089623	10.928477
0.090724	10.929171
0.091802	10.928180
0.092887	10.928972
0.093957	10.929313
0.095026	10.928928
0.096162	10.928672
0.097218	10.929315
0.098292	10.928828
0.099376	10.929313
0.100464	10.928971
0.101553	10.929075
0.102626	10.928707
0.103716	10.928446
0.104810	10.928993
0.105859	10.928089
0.106960	10.929113
0.108030	10.928794
0.109087	10.929390
0.110178	10.928973
0.111278	10.929456
0.112405	10.929793
0.113474	10.929258
0.114484	10.928309
0.115599	10.929981
0.116696	10.930055
0.117767	10.929914
0.118829	10.928987
0.119925	10.928824
0.120996	10.929425
0.122083	10.929040
0.123182	10.928578
0.124256	10.929080
0.125330	10.928514
0.126416	10.928398
0.127487	10.928140
0.128553	10.928340
0.129622	10.929086
0.130741	10.929148
0.131769	10.929089
0.132909	10.929467
0.133963	10.929202
0.135061	10.928120
0.136121	10.927966
0.137177	10.928905
0.138246	10.928920
0.139360	10.928777
0.140446	10.929748
0.141489	10.929603
0.142620	10.929218
0.143685	10.928497
0.144749	10.929107
0.145817	10.928714
0.146897	10.929441
0.147971	10.929424
0.149067	10.929787
0.150134	10.929207
0.151238	10.929791
0.152305	10.929190
0.153371	10.929167
0.154435	10.929230
0.155533	10.929510
0.156619	10.929931
0.157675	10.929503
0.158750	10.929302
0.159816	10.928726
0.160882	10.928706
0.161955	10.929162
0.163059	10.929106
0.164135	10.928337
0.165194	10.928196
0.166257	10.928521
0.167371	10.928345
0.168454	10.929029
0.169456	10.929252
0.170576	10.927471
0.171630	10.927193
0.172712	10.926850
0.173756	10.928175
0.174858	10.928417
0.175930	10.928763
0.177013	10.928823
0.178089	10.929242
0.179121	10.928686
0.180214	10.927831
0.181266	10.928661
0.182399	10.928851
0.183446	10.928926
0.184531	10.927997
0.185592	10.928687
0.186694	10.928682
0.187751	10.928380
0.188835	10.928855
0.189870	10.929876
0.190978	10.927911
0.192030	10.928470
0.193126	10.928125
0.194191	10.927054
0.195203	10.929004
0.196304	10.928581
0.197376	10.928709
0.198427	10.927918
0.199523	10.929686
0.200610	10.928035
0.201635	10.928645
0.202718	10.928544
0.203797	10.928878
0.204843	10.928418
0.205948	10.928195
0.207001	10.927752
0.208075	10.928906
0.209092	10.927454
0.209525	10.927353
0.208944	10.927739
0.208020	10.927639
0.207106	10.927298
0.206097	10.928320
0.205125	10.926492
0.204129	10.926412
0.203192	10.926994
0.202143	10.927471
0.201172	10.926908
0.200175	10.928438
0.199173	10.928436
0.198163	10.928739
0.197174	10.929301
0.196164	10.929305
0.195154	10.927312
0.194151	10.927254
0.193104	10.927552
0.192091	10.928120
0.191077	10.927333
0.190067	10.927036
0.189025	10.927877
0.187994	10.928105
0.187020	10.927594
0.185973	10.927713
0.184961	10.928236
0.183910	10.928798
0.182890	10.929149
0.181853	10.928824
0.180795	10.928098
0.179738	10.928403
0.178735	10.927384
0.177729	10.928083
0.176674	10.928927
0.175675	10.927961
0.174609	10.927899
0.173587	10.928535
0.172572	10.928903
0.171514	10.928337
0.170445	10.927737
0.169443	10.928559
0.168372	10.928560
0.167369	10.927979
0.166282	10.927475
0.165278	10.928824
0.164235	10.928020
0.163176	10.929691
0.162142	10.929564
0.161078	10.929379
0.160064	10.927730
0.159025	10.928370
0.157973	10.928025
0.156925	10.928031
0.155861	10.928957
0.154822	10.928890
0.153780	10.929220
0.152719	10.928797
0.151683	10.929521
0.150634	10.928768
0.149570	10.927721
0.148554	10.929109
0.147510	10.929500
0.146399	10.929258
0.145387	10.928938
0.144337	10.928652
0.143275	10.928265
0.142194	10.928472
0.141156	10.929278
0.140150	10.928917
0.139041	10.930552
0.138017	10.928679
0.136941	10.928823
0.135860	10.929404
0.134836	10.929083
0.133779	10.929841
0.132714	10.929982
0.131676	10.929723
0.130585	10.928654
0.129554	10.927481
0.128528	10.929281
0.127438	10.928367
0.126394	10.927521
0.125308	10.928590
0.124261	10.928077
0.123210	10.928640
0.122120	10.927855
0.121053	10.928111
0.120004	10.928813
0.118914	10.928328
0.117848	10.928205
0.116808	10.929094
0.115714	10.927972
0.114643	10.928552
0.113635	10.929075
0.112553	10.928415
0.111487	10.928275
0.110423	10.927691
0.109376	10.928900
0.108317	10.929864
0.107265	10.929315
0.106161	10.928774
0.105134	10.928755
0.104027	10.929063
0.102964	10.927788
0.101921	10.927731
0.100824	10.928874
0.099801	10.928146
0.098714	10.929357
0.097631	10.929055
0.096563	10.930260
0.095534	10.928209
0.094415	10.928351
0.093327	10.927891
0.092283	10.927326
0.091224	10.929071
0.090148	10.928450
0.089088	10.928935
0.087996	10.929900
0.086928	10.928774
0.085862	10.928219
0.084765	10.929129
0.083759	10.928766
0.082643	10.928120
0.081557	10.928486
0.080497	10.929493
0.079416	10.928569
0.078359	10.927561
0.077309	10.926984
0.076209	10.927917
0.075103	10.927779
0.074080	10.928185
0.072981	10.928449
0.071863	10.928000
0.070786	10.928141
0.069752	10.928507
0.068687	10.927905
0.067608	10.928205
0.066516	10.929132
0.065464	10.928569
0.064377	10.927242
0.063302	10.927803
0.062205	10.928194
0.061167	10.927931
0.060100	10.928051
0.058999	10.928374
0.057933	10.928258
0.056808	10.927955
0.055753	10.927668
0.054723	10.927367
0.053629	10.928226
0.052540	10.927906
0.051429	10.927861
0.050391	10.928327
0.049334	10.927916
0.048239	10.928114
0.047154	10.928478
0.046008	10.927525
0.045073	10.927469
0.043878	10.926920
0.042815	10.927434
0.041756	10.928886
0.040652	10.927859
0.039592	10.928164
0.038496	10.928082
0.037393	10.928001
0.036354	10.927176
0.035269	10.927438
0.034148	10.927636
0.033106	10.926995
0.032042	10.926789
0.030933	10.927620
0.029836	10.927278
0.028775	10.927497
0.027698	10.926750
0.026616	10.927052
0.025537	10.926814
0.024460	10.926873
0.023353	10.925726
0.022289	10.926634
0.021152	10.927557
0.020100	10.926213
0.019053	10.926418
0.017931	10.926092
0.016850	10.927813
0.015787	10.928395
0.014688	10.927310
0.013622	10.927648
0.012544	10.928235
0.011448	10.926969
0.010365	10.927671
0.009309	10.927631
0.008211	10.927164
0.007084	10.927423
0.006055	10.926372
0.004893	10.926508
0.003842	10.927295
0.002753	10.927441
0.001687	10.926857
0.000669	10.927930
-0.000447	10.927081
-0.001545	10.927761
-0.002650	10.926938
-0.003764	10.927850
-0.004838	10.926674
-0.005908	10.927022
-0.006997	10.926935
-0.008059	10.927719
-0.009159	10.927363
-0.010238	10.926940
-0.011345	10.926796
-0.012372	10.926690
-0.013557	10.927348
-0.014667	10.927309
-0.015754	10.928746
-0.016846	10.926932
-0.017913	10.927887
-0.019021	10.927423
-0.020097	10.927346
-0.021161	10.926981
-0.022269	10.927699
-0.023408	10.927158
-0.024440	10.927561
-0.025576	10.927619
-0.026654	10.927322
-0.027668	10.927684
-0.028805	10.928066
-0.029906	10.927383
-0.030911	10.928570
-0.032061	10.927633
-0.033173	10.927878
-0.034249	10.927984
-0.035276	10.927680
-0.036312	10.929023
-0.037171	10.928762
-0.038425	10.927430
-0.039468	10.927231
-0.040544	10.927189
-0.041436	10.928398
-0.042355	10.926729
-0.043454	10.926851
-0.044368	10.926848
-0.045419	10.927268
-0.046513	10.927755
-0.047278	10.927077
-0.048443	10.927493
-0.049456	10.927014
-0.050641	10.928458
-0.051580	10.927915
-0.052618	10.928051
-0.053421	10.928291
-0.054428	10.928717
-0.055310	10.927890
-0.056322	10.928216
-0.057464	10.927032
-0.058484	10.928411
-0.059448	10.928420
-0.060381	10.927564
-0.061343	10.927812
-0.062361	10.928053
-0.063300	10.928314
-0.064260	10.927598
-0.065082	10.927356
-0.065996	10.927818
-0.067010	10.928382
-0.068013	10.927773
-0.068881	10.927841
-0.070141	10.927453
-0.071149	10.928093
-0.071962	10.928041
-0.073046	10.928325
-0.073854	10.928226
-0.074804	10.928174
-0.075746	10.928223
-0.076683	10.927200
-0.077653	10.927557
-0.078699	10.927502
-0.079660	10.928144
-0.080889	10.928349
-0.081494	10.928566
-0.082421	10.928061
-0.083354	10.928377
-0.084355	10.927708
-0.084956	10.926662
-0.086162	10.928015
-0.087136	10.928378
-0.088091	10.927698
-0.089476	10.927329
-0.090299	10.926829
-0.091297	10.927838
-0.092188	10.927995
-0.093085	10.927797
-0.093770	10.928679
-0.095100	10.927718
-0.095935	10.928405
-0.096938	10.928541
-0.097931	10.927760
-0.098818	10.927219
-0.099699	10.927319
-0.100617	10.927835
-0.101528	10.927915
-0.102479	10.927414
-0.103521	10.927511
-0.104353	10.928097
-0.105022	10.928232
-0.106022	10.926982
-0.107018	10.927883
-0.107817	10.928253
-0.108891	10.928176
-0.109766	10.929287
-0.110644	10.927677
-0.111590	10.928589
-0.112515	10.927483
-0.113535	10.928145
-0.114483	10.927585
-0.115351	10.928209
-0.116682	10.927882
-0.117401	10.927917
-0.118188	10.927720
-0.119043	10.926450
-0.119990	10.926575
-0.120974	10.926205
-0.121838	10.926526
-0.122652	10.926988
-0.123657	10.926520
-0.124354	10.927039
-0.124687	10.926948
-0.126098	10.926821
-0.127071	10.927765
-0.127913	10.926678
-0.128880	10.927743
-0.129858	10.926857
-0.130703	10.927241
-0.131835	10.926957
-0.132711	10.927743
-0.133599	10.927264
-0.134440	10.927220
-0.135217	10.926991
-0.136064	10.926311
-0.136995	10.926451
-0.137658	10.927459
-0.138791	10.926510
-0.139822	10.927485
-0.140703	10.927546
-0.141555	10.926598
-0.142637	10.926582
-0.143660	10.926602
-0.144386	10.927162
-0.145313	10.926457
-0.146242	10.927222
-0.147123	10.927423
-0.147822	10.926648
-0.148629	10.926262
-0.149458	10.926002
-0.150477	10.926991
-0.151386	10.926624
-0.152239	10.926379
-0.153128	10.925797
-0.154153	10.926524
-0.154864	10.926721
-0.155789	10.926699
-0.156479	10.926502
-0.157561	10.926579
-0.158457	10.926916
-0.159259	10.924930
-0.160081	10.925855
-0.161051	10.925144
-0.161955	10.924679
-0.162835	10.926006
-0.163582	10.925526
-0.164507	10.925488
-0.165253	10.925916
-0.166017	10.926976
-0.166818	10.926417
-0.167662	10.926661
-0.168549	10.926190
-0.169840	10.926876
-0.170544	10.926270
-0.171327	10.926547
-0.172127	10.925904
-0.172913	10.925640
-0.173832	10.926188
-0.174633	10.925648
-0.175824	10.926004
-0.176634	10.926372
-0.177361	10.926994
-0.177987	10.926166
-0.178903	10.925562
-0.179745	10.924762
-0.180524	10.926093
-0.181243	10.927159
-0.182139	10.925887
-0.183014	10.926173
-0.183716	10.925342
-0.184532	10.924524
-0.185316	10.925513
-0.186225	10.925828
-0.186989	10.925003
-0.187800	10.925995
-0.188714	10.926277
-0.189523	10.925707
-0.190399	10.926413
