-0.258959	17.650778
-0.256575	17.649296
-0.253468	17.647684
-0.249967	17.654453
-0.246709	17.652189
-0.243200	17.652363
-0.239563	17.652851
-0.236015	17.653328
-0.232425	17.657333
-0.228839	17.654922
-0.224824	17.657099
-0.221187	17.657822
-0.218036	17.657167
-0.214264	17.657257
-0.210422	17.659740
-0.206592	17.663336
-0.202456	17.664883
-0.198328	17.667702
-0.194514	17.668026
-0.190643	17.669338
-0.186669	17.670774
-0.182628	17.672689
-0.178845	17.673796
-0.174642	17.673477
-0.170606	17.673264
-0.166496	17.674623
-0.162275	17.675146
-0.157933	17.676050
-0.153791	17.673521
-0.149359	17.668907
-0.145138	17.665150
-0.140766	17.667110
-0.136304	17.665768
-0.131878	17.668186
-0.127608	17.667425
-0.123122	17.668545
-0.118590	17.667662
-0.114303	17.669548
-0.109884	17.670008
-0.105242	17.670261
-0.100958	17.671242
-0.096356	17.669809
-0.091553	17.671219
-0.086552	17.671049
-0.082138	17.671434
-0.077440	17.673401
-0.072890	17.674238
-0.068081	17.673361
-0.063341	17.674187
-0.058381	17.674767
-0.053527	17.675301
-0.048555	17.676939
-0.043782	17.676268
-0.038844	17.676662
-0.033797	17.678936
-0.028607	17.678007
-0.023320	17.679010
-0.017925	17.678488
-0.012592	17.680695
-0.006907	17.680525
-0.001785	17.681681
0.003590	17.682039
0.008996	17.682854
0.014381	17.683643
0.019756	17.681973
0.025180	17.683184
0.030530	17.684196
0.035925	17.683514
0.041349	17.682129
0.046749	17.681936
0.052019	17.681875
0.057511	17.682102
0.062892	17.681597
0.068246	17.683834
0.073676	17.682152
0.079046	17.682217
0.084372	17.683521
0.089779	17.680182
0.095155	17.680519
0.100582	17.678875
0.105934	17.677778
0.111318	17.676701
0.116713	17.676340
0.122071	17.673588
0.127424	17.673546
0.132838	17.674570
0.138203	17.675224
0.143596	17.673254
0.148980	17.672155
0.154309	17.671432
0.159684	17.670000
0.165034	17.669470
0.170426	17.669844
0.175769	17.668573
0.181141	17.667282
0.186539	17.666409
0.191831	17.665142
0.197222	17.665670
0.202563	17.662487
0.207876	17.663122
0.213275	17.661451
0.218611	17.660007
0.223923	17.659569
0.229262	17.658592
0.234625	17.657610
0.239908	17.656286
0.245270	17.656248
0.250560	17.656773
0.255852	17.655725
0.261251	17.653694
0.266510	17.652775
0.271843	17.652422
0.277162	17.653587
0.282413	17.654102
0.287713	17.652479
0.293001	17.651659
0.298339	17.650276
0.303649	17.649197
0.308898	17.649828
0.314281	17.649151
0.319465	17.649010
0.321272	17.648924
0.318234	17.649715
0.313671	17.650309
0.308898	17.649370
0.303945	17.649652
0.298939	17.650961
0.293957	17.651550
0.288921	17.652540
0.283771	17.649719
0.278694	17.647501
0.273582	17.646233
0.268447	17.646229
0.263269	17.646765
0.258133	17.648647
0.252924	17.648748
0.247739	17.650982
0.242541	17.651550
0.237316	17.652805
0.232018	17.653286
0.226781	17.652739
0.221564	17.655527
0.216323	17.656513
0.211105	17.655586
0.205806	17.656111
0.200539	17.657169
0.195223	17.660658
0.189939	17.659172
0.184670	17.660915
0.179333	17.664005
0.174000	17.664646
0.168736	17.665207
0.163446	17.666216
0.158137	17.667934
0.152786	17.668800
0.147483	17.669958
0.142111	17.671185
0.136793	17.671474
0.131410	17.672075
0.126087	17.672920
0.120745	17.674320
0.115404	17.675121
0.110011	17.676079
0.104694	17.676929
0.099274	17.677174
0.093950	17.679588
0.088598	17.681391
0.083271	17.680614
0.077811	17.680300
0.072443	17.684965
0.067059	17.685329
0.061695	17.684893
0.056392	17.686670
0.050948	17.685688
0.045624	17.685976
0.040244	17.687229
0.034801	17.687654
0.029477	17.688221
0.024064	17.687296
0.018630	17.685650
0.013290	17.683231
0.007908	17.682247
0.002549	17.685003
-0.002850	17.681479
-0.008263	17.680210
-0.013630	17.677687
-0.019054	17.679087
-0.024408	17.678469
-0.029608	17.679888
-0.034565	17.675814
-0.039454	17.675352
-0.044381	17.676300
-0.049482	17.676771
-0.054128	17.678652
-0.059219	17.676579
-0.064004	17.679050
-0.068695	17.676386
-0.073439	17.675165
-0.078126	17.673145
-0.082619	17.674253
-0.087352	17.677526
-0.092126	17.674641
-0.096460	17.673666
-0.101190	17.671766
-0.105740	17.671986
-0.110214	17.673977
-0.114799	17.671762
-0.119313	17.671537
-0.123621	17.673592
-0.128071	17.671757
-0.132671	17.669466
-0.136898	17.668589
-0.141306	17.668850
-0.145600	17.668539
-0.149907	17.669132
-0.154113	17.670536
-0.158469	17.670296
-0.162640	17.668697
-0.166757	17.666271
-0.171060	17.666994
-0.175310	17.666008
-0.179506	17.666056
-0.183725	17.663919
-0.187857	17.666351
-0.191794	17.664808
-0.195530	17.664772
-0.200007	17.662367
-0.203937	17.663311
-0.207872	17.661705
-0.211910	17.661425
-0.215701	17.661655
-0.219615	17.662104
-0.223569	17.660770
-0.227325	17.658922
-0.231133	17.658760
-0.234739	17.657963
-0.238328	17.657167
-0.242281	17.658110
-0.246429	17.656017
-0.249975	17.656494
-0.253482	17.655685
-0.257579	17.654839
