-0.269491	17.873287
-0.268841	17.872618
-0.268303	17.872547
-0.267673	17.872686
-0.266997	17.872917
-0.266336	17.872623
-0.265732	17.872522
-0.264797	17.872528
-0.264302	17.872503
-0.263483	17.872791
-0.262815	17.873081
-0.262111	17.873507
-0.261475	17.873028
-0.260677	17.873199
-0.260076	17.872976
-0.259316	17.872828
-0.258647	17.872885
-0.257896	17.872881
-0.257291	17.873116
-0.256724	17.872541
-0.256090	17.873150
-0.255285	17.873442
-0.254519	17.873358
-0.253918	17.873405
-0.253156	17.872936
-0.252558	17.873610
-0.251683	17.873697
-0.251036	17.873148
-0.250298	17.872953
-0.249555	17.873583
-0.248808	17.873156
-0.248115	17.873672
-0.247373	17.873447
-0.246778	17.873604
-0.246035	17.873627
-0.245245	17.873894
-0.244443	17.873352
-0.243762	17.874014
-0.243064	17.873610
-0.242346	17.873587
-0.241441	17.874109
-0.240776	17.874384
-0.240066	17.874502
-0.239379	17.874527
-0.238573	17.874712
-0.238079	17.874622
-0.237175	17.875290
-0.236567	17.874638
-0.235779	17.874987
-0.234950	17.875032
-0.234139	17.875101
-0.233229	17.875019
-0.232221	17.874685
-0.231854	17.874956
-0.231104	17.874487
-0.230435	17.874861
-0.229614	17.874643
-0.228851	17.874752
-0.228167	17.874584
-0.227819	17.874437
-0.227249	17.874464
-0.226254	17.874376
-0.225774	17.875057
-0.224650	17.874823
-0.224007	17.874506
-0.223278	17.875036
-0.222747	17.875147
-0.221730	17.875326
-0.220626	17.875158
-0.220069	17.875774
-0.219320	17.875378
-0.218705	17.875435
-0.217822	17.875135
-0.216760	17.874880
-0.215812	17.875120
-0.215017	17.874859
-0.214268	17.875540
-0.213461	17.875662
-0.212642	17.875572
-0.211795	17.875832
-0.211174	17.875275
-0.210346	17.875465
-0.209524	17.875607
-0.208733	17.875628
-0.207989	17.875214
-0.207241	17.875078
-0.206627	17.874945
-0.205868	17.874941
-0.205192	17.875057
-0.204364	17.875210
-0.203554	17.875792
-0.202648	17.875446
-0.201799	17.875692
-0.201086	17.875450
-0.199717	17.875895
-0.199195	17.875336
-0.198438	17.874969
-0.197643	17.875185
-0.196877	17.875631
-0.196280	17.876211
-0.195219	17.875784
-0.194025	17.876179
-0.193505	17.876698
-0.192740	17.877028
-0.191931	17.876646
-0.191208	17.876869
-0.190318	17.877033
-0.189565	17.876781
-0.188696	17.876728
-0.187912	17.877224
-0.187015	17.877235
-0.186297	17.877028
-0.185263	17.877249
-0.184560	17.877172
-0.183630	17.876934
-0.182927	17.877619
-0.182127	17.877863
-0.181262	17.877506
-0.180389	17.877556
-0.179602	17.877584
-0.178707	17.877331
-0.177980	17.877285
-0.177198	17.877239
-0.176298	17.877958
-0.175435	17.877657
-0.174649	17.878132
-0.173611	17.877275
-0.173047	17.878229
-0.172242	17.878296
-0.171290	17.877728
-0.170393	17.877851
-0.169602	17.878263
-0.168692	17.877478
-0.168088	17.878057
-0.167424	17.877232
-0.166576	17.876972
-0.165597	17.877560
-0.164833	17.877846
-0.163894	17.877825
-0.162912	17.877346
-0.162016	17.877344
-0.161234	17.877405
-0.160331	17.877447
-0.159445	17.877375
-0.158562	17.876919
-0.157710	17.876932
-0.157145	17.877043
-0.156041	17.877108
-0.155106	17.877119
-0.154259	17.877998
-0.153158	17.877356
-0.152332	17.877640
-0.151630	17.877880
-0.150731	17.877871
-0.150459	17.878054
-0.149090	17.877640
-0.148098	17.877350
-0.147263	17.877281
-0.146361	17.877483
-0.145528	17.877424
-0.144672	17.877792
-0.143816	17.877615
-0.142924	17.877266
-0.142378	17.877565
-0.141155	17.877403
-0.140319	17.877296
-0.139380	17.877228
-0.138571	17.876781
-0.137655	17.877420
-0.136759	17.878349
-0.135901	17.877506
-0.135025	17.877811
-0.134126	17.877363
-0.133254	17.877178
-0.132338	17.877800
-0.131593	17.877985
-0.130487	17.877394
-0.129628	17.877693
-0.128820	17.877401
-0.127996	17.877167
-0.127046	17.877607
-0.126044	17.877436
-0.125284	17.877964
-0.124390	17.877697
-0.123321	17.877539
-0.122383	17.877314
-0.121869	17.876715
-0.120892	17.877310
-0.119836	17.877428
-0.118844	17.877312
-0.117993	17.877991
-0.116834	17.877779
-0.116180	17.877691
-0.115631	17.877411
-0.114410	17.877337
-0.113334	17.877956
-0.112550	17.878838
-0.111598	17.878462
-0.110705	17.878448
-0.109639	17.878176
-0.108910	17.878117
-0.108223	17.878885
-0.107208	17.878883
-0.106078	17.878622
-0.105199	17.878450
-0.103947	17.878683
-0.103422	17.878836
-0.102496	17.878309
-0.101550	17.878361
-0.100732	17.878431
-0.099656	17.878460
-0.098920	17.879038
-0.097893	17.878933
-0.097131	17.878922
-0.095977	17.878605
-0.094996	17.878466
-0.094095	17.879452
-0.093005	17.879137
-0.092140	17.879517
-0.091012	17.878685
-0.090324	17.879398
-0.089345	17.879524
-0.088747	17.879713
-0.088142	17.879784
-0.087004	17.879389
-0.085960	17.879578
-0.085030	17.879866
-0.084075	17.879524
-0.083108	17.879297
-0.082111	17.879139
-0.081294	17.878679
-0.080179	17.879580
-0.079263	17.879889
-0.078263	17.879751
-0.077323	17.879459
-0.076259	17.879499
-0.075145	17.879711
-0.074235	17.879850
-0.073203	17.880056
-0.072328	17.879976
-0.071378	17.879988
-0.070192	17.880016
-0.069315	17.879869
-0.068304	17.879890
-0.067495	17.879854
-0.066137	17.880047
-0.065591	17.880314
-0.064529	17.880215
-0.063775	17.880369
-0.062576	17.880735
-0.061750	17.880306
-0.060615	17.880142
-0.059783	17.880369
-0.058828	17.880405
-0.057790	17.880440
-0.056876	17.880285
-0.055910	17.880474
-0.054867	17.880573
-0.053869	17.881083
-0.052958	17.880924
-0.051974	17.880306
-0.050933	17.881176
-0.049969	17.880779
-0.048942	17.880983
-0.047967	17.881392
-0.047014	17.881016
-0.046125	17.881792
-0.045080	17.881577
-0.043829	17.881664
-0.043080	17.882132
-0.042078	17.882448
-0.041005	17.881683
-0.040095	17.881470
-0.038977	17.881601
-0.037954	17.882092
-0.036864	17.882376
-0.035832	17.883034
-0.034744	17.882753
-0.033681	17.882807
-0.032579	17.883577
-0.031549	17.883926
-0.030423	17.883770
-0.029327	17.884144
-0.028364	17.884296
-0.027168	17.884762
-0.026072	17.884737
-0.025115	17.884647
-0.023957	17.885450
-0.022788	17.886101
-0.021801	17.886354
-0.020731	17.886423
-0.019684	17.887510
-0.018636	17.887463
-0.017503	17.888550
-0.016445	17.888237
-0.015331	17.888626
-0.014225	17.889229
-0.013217	17.889318
-0.011752	17.889338
-0.011045	17.890285
-0.009962	17.890089
-0.008886	17.890888
-0.007825	17.891272
-0.006773	17.890528
-0.005644	17.891172
-0.004555	17.891443
-0.003503	17.891539
-0.002416	17.892138
-0.001344	17.892054
-0.000266	17.891960
0.000806	17.892416
0.001877	17.892502
0.003020	17.892714
0.004070	17.892511
0.005133	17.893021
0.006191	17.892675
0.007304	17.893082
0.008356	17.893108
0.009572	17.893303
0.010498	17.893068
0.011604	17.893175
0.012693	17.893694
0.013790	17.894028
0.014840	17.894209
0.015992	17.893682
0.016998	17.894003
0.018116	17.893982
0.019144	17.894144
0.020197	17.893761
0.021340	17.894123
0.022465	17.894453
0.023413	17.894264
0.024592	17.894670
0.025657	17.894670
0.026749	17.894764
0.027822	17.894747
0.028883	17.895042
0.029990	17.894617
0.031044	17.895195
0.032163	17.895420
0.033169	17.895433
0.034259	17.895483
0.035320	17.895708
0.036354	17.895823
0.037523	17.895493
0.038645	17.896084
0.039654	17.895960
0.040767	17.896061
0.041882	17.896076
0.042926	17.896395
0.044003	17.896275
0.045101	17.896221
0.046171	17.896084
0.047241	17.896082
0.048325	17.896091
0.049371	17.896357
0.050445	17.896343
0.051535	17.896219
0.052644	17.896652
0.053725	17.896759
0.054825	17.896580
0.055850	17.897020
0.056945	17.896873
0.058035	17.896843
0.059151	17.897198
0.060202	17.896614
0.061281	17.896889
0.062322	17.896706
0.063477	17.896652
0.064537	17.896301
0.065592	17.896292
0.066655	17.897102
0.067722	17.896948
0.068782	17.896946
0.069950	17.896835
0.070940	17.896809
0.072085	17.896845
0.073152	17.896597
0.074214	17.896860
0.075284	17.896751
0.076341	17.896715
0.077447	17.896206
0.078539	17.896313
0.079585	17.896425
0.080678	17.896242
0.081782	17.895821
0.082798	17.895903
0.083868	17.895716
0.084988	17.895899
0.086080	17.896193
0.087210	17.895826
0.088195	17.895336
0.089278	17.895363
0.090428	17.894985
0.091462	17.895113
0.092531	17.895079
0.093557	17.895220
0.094656	17.895042
0.095840	17.894146
0.096890	17.894463
0.097883	17.894543
0.098984	17.894098
0.100051	17.893602
0.101214	17.893991
0.102219	17.893944
0.103337	17.893423
0.104374	17.892925
0.105489	17.892818
0.106557	17.892118
0.107644	17.891912
0.108684	17.891806
0.109737	17.891676
0.110892	17.891663
0.111957	17.891113
0.113017	17.890976
0.114070	17.891058
0.115172	17.890633
0.116259	17.890518
0.117334	17.890310
0.118415	17.889732
0.119427	17.889862
0.120550	17.889057
0.121621	17.888529
0.122691	17.888271
0.123771	17.888081
0.124827	17.888109
0.125918	17.888229
0.126976	17.888252
0.128029	17.887463
0.129067	17.887337
0.130251	17.887360
0.131330	17.887177
0.132373	17.886637
0.133463	17.886265
0.134507	17.885773
0.135618	17.885929
0.136605	17.885590
0.137765	17.885042
0.138791	17.884848
0.139869	17.884064
0.140929	17.884317
0.142104	17.883465
0.143158	17.883232
0.144222	17.883741
0.145263	17.882736
0.146351	17.882725
0.147450	17.881924
0.148481	17.882027
0.149538	17.881691
0.150623	17.881020
0.151717	17.880545
0.152767	17.880175
0.153848	17.880451
0.154894	17.880417
0.155965	17.879864
0.157060	17.879688
0.158119	17.880024
0.159237	17.879110
0.160278	17.879183
0.161346	17.878969
0.162438	17.878933
0.163497	17.878386
0.164554	17.878391
0.165640	17.878120
0.166657	17.877766
0.167777	17.877420
0.168917	17.876707
0.169969	17.877125
0.170961	17.876095
0.172062	17.875975
0.173137	17.875832
0.174229	17.875727
0.175281	17.875006
0.176335	17.874756
0.177407	17.874218
0.178520	17.873629
0.179527	17.873821
0.180623	17.873270
0.181720	17.874228
0.182758	17.873205
0.183856	17.872936
0.184878	17.873198
0.185951	17.872906
0.187036	17.872263
0.188066	17.872587
0.189162	17.871920
0.190202	17.872282
0.191283	17.871515
0.192376	17.871361
0.193488	17.870964
0.194544	17.871092
0.195563	17.870356
0.196677	17.870060
0.197751	17.869740
0.198794	17.869007
0.199874	17.868742
0.200989	17.869604
0.202013	17.868870
0.203035	17.868374
0.204106	17.867990
0.205207	17.867197
0.206275	17.867401
0.207272	17.867275
0.208379	17.866772
0.209480	17.866770
0.210531	17.866400
0.211574	17.866383
0.212701	17.865393
0.213728	17.865549
0.214799	17.864967
0.215836	17.864162
0.216930	17.863749
0.217995	17.863541
0.219066	17.863600
0.220129	17.863306
0.221200	17.862993
0.222243	17.862684
0.223315	17.862175
0.224354	17.862101
0.225403	17.861935
0.226468	17.861822
0.227539	17.861504
0.228555	17.861279
0.229712	17.861588
0.230779	17.861351
0.231810	17.860479
0.232854	17.860260
0.233930	17.860130
0.235017	17.859503
0.236032	17.860136
0.237081	17.859726
0.238163	17.858778
0.239206	17.858353
0.240282	17.858068
0.241424	17.857733
0.242459	17.857651
0.243510	17.857233
0.244505	17.856653
0.245618	17.856888
0.246624	17.856216
0.247695	17.856188
0.248709	17.856236
0.249840	17.855597
0.250874	17.855642
0.251990	17.855133
0.253015	17.855701
0.254063	17.855194
0.255178	17.854973
0.256171	17.854727
0.257242	17.854521
0.258312	17.853567
0.259343	17.853310
0.260377	17.853531
0.261484	17.853384
0.262509	17.852789
0.263600	17.852592
0.264628	17.852358
0.265691	17.851780
0.266740	17.852045
0.267863	17.852209
0.268907	17.851881
0.269933	17.851194
0.270886	17.851431
0.272024	17.851015
0.273055	17.850920
0.274118	17.850592
0.275182	17.850628
0.276221	17.850000
0.277293	17.850210
0.278300	17.849277
0.279416	17.849535
0.280409	17.849293
0.281506	17.848972
0.282567	17.848709
0.283569	17.848078
0.284693	17.848286
0.285699	17.848660
0.286736	17.848673
0.287840	17.848339
0.288804	17.847170
0.289927	17.847578
0.290903	17.847212
0.291950	17.846783
0.293055	17.846935
0.294083	17.845766
0.295167	17.846075
0.296203	17.845890
0.297256	17.845497
0.298273	17.845690
0.299383	17.845247
0.300379	17.845604
0.301415	17.845572
0.302463	17.845406
0.303492	17.845522
0.304587	17.845024
0.305613	17.844528
0.306636	17.843781
0.307745	17.844683
0.308713	17.844526
0.309816	17.844481
0.310819	17.843828
0.311169	17.844017
0.310617	17.844252
0.309751	17.844116
0.308781	17.844461
0.307797	17.844927
0.306911	17.845232
0.305870	17.845026
0.304981	17.845589
0.303989	17.846333
0.302971	17.845440
0.302065	17.845367
0.300978	17.845835
0.300031	17.845652
0.299067	17.847057
0.298025	17.846163
0.297050	17.847061
0.296047	17.847094
0.295022	17.847399
0.294113	17.847446
0.293088	17.847668
0.292056	17.848787
0.291057	17.848951
0.290089	17.848827
0.289069	17.848763
0.288048	17.849052
0.287046	17.850092
0.286024	17.849770
0.285023	17.850134
0.284036	17.849445
0.282985	17.849472
0.281994	17.849922
0.280901	17.850302
0.279929	17.850700
0.278890	17.850731
0.277917	17.851505
0.276891	17.851604
0.275812	17.850960
0.274921	17.851049
0.273750	17.851360
0.272735	17.851849
0.271779	17.851931
0.270796	17.852255
0.269756	17.852404
0.268697	17.851879
0.267657	17.851774
0.266717	17.852440
0.265648	17.852776
0.264645	17.852962
0.263573	17.852737
0.262548	17.852785
0.261517	17.853615
0.260472	17.853323
0.259479	17.853804
0.258426	17.854105
0.257409	17.854084
0.256429	17.854015
0.255316	17.854492
0.254276	17.854576
0.253265	17.854975
0.252229	17.855251
0.251169	17.855476
0.250175	17.855564
0.249137	17.856428
0.248045	17.856234
0.247117	17.856703
0.246022	17.857016
0.244963	17.856724
0.243935	17.856689
0.242926	17.857056
0.241867	17.857450
0.240880	17.857519
0.239806	17.857502
0.238771	17.857458
0.237748	17.858376
0.236715	17.858183
0.235642	17.857769
0.234575	17.858498
0.233553	17.859400
0.232522	17.859730
0.231449	17.859928
0.230464	17.859934
0.229411	17.859776
0.228328	17.860291
0.227338	17.860853
0.226247	17.861401
0.225187	17.861118
0.224113	17.860792
0.223128	17.861467
0.222052	17.861506
0.221016	17.861538
0.220007	17.861998
0.218927	17.862883
0.217896	17.862762
0.216872	17.863541
0.215844	17.863907
0.214776	17.864557
0.213733	17.864372
0.212659	17.864914
0.211606	17.865524
0.210562	17.865526
0.209553	17.865961
0.208428	17.865707
0.207450	17.866579
0.206380	17.867157
0.205286	17.867025
0.204270	17.867212
0.203252	17.867821
0.202199	17.866978
0.201160	17.867893
0.200109	17.868286
0.198990	17.868093
0.197988	17.868387
0.196930	17.869257
0.195871	17.869587
0.194835	17.870073
0.193644	17.869728
0.192728	17.869543
0.191699	17.870506
0.190589	17.870388
0.189531	17.871223
0.188524	17.871267
0.187446	17.871609
0.186417	17.870800
0.185318	17.871771
0.184345	17.872536
0.183287	17.872049
0.182190	17.872772
0.181125	17.872414
0.180069	17.872486
0.178968	17.872942
0.177931	17.873280
0.176869	17.872862
0.175844	17.873035
0.174779	17.874117
0.173693	17.873749
0.172619	17.874451
0.171608	17.874329
0.170562	17.875034
0.169507	17.874565
0.168446	17.875271
0.167389	17.875250
0.166369	17.875271
0.165322	17.875725
0.164213	17.875866
0.163195	17.876137
0.162023	17.876053
0.161057	17.876102
0.160000	17.876347
0.158959	17.876841
0.157853	17.876900
0.156822	17.876698
0.155713	17.877043
0.154672	17.877274
0.153601	17.877991
0.152592	17.877748
0.151560	17.878527
0.150417	17.878168
0.149376	17.878422
0.148292	17.878517
0.147260	17.878782
0.146158	17.879410
0.145150	17.878494
0.144020	17.879179
0.142956	17.879541
0.141965	17.879457
0.140898	17.879814
0.139773	17.880199
0.138719	17.880545
0.137713	17.880920
0.136635	17.881018
0.135570	17.881205
0.134492	17.881708
0.133426	17.882313
0.132395	17.882784
0.131377	17.882759
0.130245	17.883106
0.129195	17.883280
0.128145	17.883251
0.127019	17.883713
0.125943	17.884518
0.124909	17.884365
0.123848	17.884281
0.122788	17.884331
0.121729	17.884874
0.120657	17.885128
0.119561	17.884905
0.118517	17.885380
0.117479	17.886530
0.116411	17.886480
0.115296	17.886642
0.114257	17.886694
0.113143	17.886719
0.112085	17.887154
0.111036	17.887981
0.109999	17.887869
0.108952	17.888134
0.107852	17.888115
0.106789	17.888309
0.105694	17.889219
0.104629	17.889818
0.103544	17.890106
0.102530	17.890085
0.101416	17.890444
0.100328	17.890385
0.099280	17.890148
0.098238	17.890993
0.097079	17.890425
0.096060	17.890711
0.094955	17.890762
0.094011	17.891279
0.092843	17.891537
0.091803	17.891525
0.090707	17.891584
0.089636	17.891096
0.088599	17.891811
0.087497	17.891518
0.086446	17.892038
0.085368	17.891949
0.084337	17.891829
0.083213	17.891605
0.082175	17.891611
0.081090	17.891563
0.079993	17.891624
0.078945	17.891499
0.077873	17.892286
0.076818	17.892208
0.075722	17.891983
0.074629	17.891590
0.073575	17.891838
0.072464	17.892042
0.071390	17.891718
0.070366	17.891870
0.069297	17.891455
0.068170	17.891443
0.067096	17.891777
0.066111	17.891899
0.064987	17.891859
0.063925	17.891857
0.062857	17.891806
0.061786	17.891806
0.060673	17.891733
0.059615	17.891478
0.058559	17.891600
0.057474	17.892447
0.056384	17.891895
0.055333	17.891727
0.054188	17.891928
0.053232	17.891872
0.052141	17.891356
0.051005	17.891460
0.049939	17.891350
0.048876	17.891756
0.047789	17.891575
0.046735	17.891621
0.045674	17.891050
0.044624	17.891542
0.043484	17.891115
0.042397	17.890882
0.041320	17.890968
0.040275	17.891178
0.039202	17.890862
0.038138	17.890810
0.037014	17.891258
0.035985	17.891399
0.034896	17.890993
0.033826	17.890890
0.032774	17.890255
0.031706	17.890846
0.030596	17.890509
0.029515	17.890739
0.028421	17.891102
0.027339	17.890759
0.026287	17.890383
0.025205	17.890808
0.024127	17.890966
0.023056	17.891361
0.021992	17.890249
0.020920	17.891180
0.019820	17.890305
0.018759	17.890623
0.017674	17.891270
0.016660	17.890976
0.015539	17.890772
0.014394	17.890697
0.013394	17.890549
0.012283	17.890326
0.011168	17.889767
0.010150	17.889708
0.009084	17.890060
0.007971	17.889633
0.006896	17.889574
0.005834	17.889427
0.004767	17.889313
0.003695	17.888577
0.002647	17.888725
0.001673	17.887804
0.000430	17.887705
-0.000619	17.887764
-0.001727	17.887659
-0.002764	17.887537
-0.003900	17.887943
-0.004931	17.887651
-0.006005	17.887207
-0.007117	17.886858
-0.008120	17.886873
-0.009232	17.886536
-0.010355	17.886103
-0.011397	17.886377
-0.012528	17.886473
-0.013588	17.886938
-0.014633	17.886492
-0.015745	17.886246
-0.016811	17.886305
-0.017838	17.886635
-0.018962	17.885715
-0.020009	17.885687
-0.021160	17.884903
-0.022235	17.884277
-0.023162	17.884186
-0.024354	17.883585
-0.025451	17.883425
-0.026436	17.882881
-0.027601	17.882122
-0.028720	17.881468
-0.029755	17.879921
-0.030892	17.879669
-0.031707	17.879585
-0.032953	17.878885
-0.034010	17.879074
-0.035013	17.878347
-0.036013	17.879072
-0.037042	17.878632
-0.038023	17.878347
-0.039209	17.878683
-0.039831	17.877974
-0.041083	17.878078
-0.042060	17.877510
-0.043068	17.878075
-0.044090	17.877289
-0.045022	17.877983
-0.046016	17.877947
-0.047046	17.877428
-0.047993	17.877499
-0.049025	17.877781
-0.049990	17.878052
-0.050961	17.877331
-0.051907	17.877041
-0.053060	17.877502
-0.054072	17.877132
-0.055020	17.876759
-0.055777	17.877087
-0.057024	17.876387
-0.058031	17.876383
-0.058966	17.876822
-0.060063	17.876802
-0.060809	17.876587
-0.061848	17.875990
-0.062679	17.876066
-0.063593	17.876432
-0.064613	17.876686
-0.065566	17.876101
-0.066473	17.875971
-0.067470	17.875790
-0.068105	17.875963
-0.069582	17.875677
-0.070358	17.875875
-0.071349	17.875914
-0.072223	17.875666
-0.073271	17.875704
-0.074264	17.875732
-0.075214	17.875704
-0.076100	17.875931
-0.077022	17.875887
-0.077980	17.875835
-0.078976	17.875673
-0.079931	17.875822
-0.080879	17.876001
-0.081873	17.875372
-0.082733	17.875854
-0.083676	17.875378
-0.084586	17.875063
-0.085539	17.874735
-0.086489	17.875116
-0.087448	17.875311
-0.088339	17.875536
-0.089105	17.875191
-0.090590	17.875399
-0.091236	17.875908
-0.092148	17.875504
-0.092970	17.875727
-0.094229	17.875982
-0.095038	17.874983
-0.095724	17.875860
-0.096678	17.875288
-0.097331	17.875309
-0.098562	17.875107
-0.099506	17.875448
-0.100564	17.875147
-0.101435	17.875696
-0.102348	17.875372
-0.103603	17.875391
-0.104279	17.875183
-0.105136	17.874996
-0.105657	17.874979
-0.106928	17.875027
-0.107843	17.875078
-0.108835	17.875496
-0.109768	17.875336
-0.110639	17.874754
-0.111592	17.875343
-0.112449	17.874998
-0.113688	17.874886
-0.114282	17.874582
-0.115389	17.874372
-0.115967	17.874195
-0.116965	17.873676
-0.117867	17.874603
-0.118851	17.873499
-0.119752	17.873981
-0.120652	17.873817
-0.121528	17.874163
-0.122461	17.873398
-0.123359	17.873301
-0.124355	17.873453
-0.125293	17.873428
-0.126121	17.873478
-0.126949	17.873087
-0.128013	17.873844
-0.128805	17.873262
-0.129760	17.872658
-0.130726	17.873896
-0.131480	17.873417
-0.132443	17.872953
-0.133299	17.872599
-0.134235	17.872952
-0.135228	17.872492
-0.136071	17.872934
-0.136999	17.873148
-0.137813	17.872849
-0.138690	17.872620
-0.139650	17.872776
-0.140647	17.872633
-0.141355	17.872952
-0.142501	17.872671
-0.143403	17.872820
-0.144237	17.872700
-0.145125	17.872274
-0.146069	17.872057
-0.146865	17.871847
-0.147697	17.872015
-0.148573	17.871986
-0.149272	17.871717
-0.150081	17.871096
-0.151012	17.871487
-0.151904	17.871477
-0.152858	17.871880
-0.153815	17.872133
-0.154751	17.871584
-0.155540	17.871737
-0.156409	17.871126
-0.157249	17.871532
-0.158026	17.871098
-0.158887	17.871372
-0.159737	17.870558
-0.160627	17.870785
-0.161536	17.870529
-0.162425	17.870123
-0.163254	17.870274
-0.164106	17.870581
-0.164978	17.870510
-0.165791	17.870554
-0.166720	17.870827
-0.167807	17.870186
-0.168733	17.870262
-0.169431	17.869890
-0.170455	17.869841
-0.171281	17.869738
-0.171833	17.869537
-0.172655	17.869976
-0.173336	17.869564
-0.174394	17.869999
-0.175438	17.869345
-0.175906	17.869310
-0.176961	17.868732
-0.177730	17.869650
-0.178609	17.868902
-0.179488	17.869617
-0.180300	17.869545
-0.181225	17.868984
-0.181998	17.869205
-0.182774	17.868933
-0.183644	17.868711
-0.184553	17.868526
-0.185338	17.868484
-0.186178	17.868864
-0.186774	17.868673
-0.187765	17.868767
-0.188739	17.868713
-0.189509	17.868317
-0.190235	17.867836
-0.191121	17.868233
-0.191892	17.868095
-0.192843	17.867783
-0.193483	17.868166
-0.194446	17.868044
-0.195238	17.867527
-0.196041	17.868229
-0.197034	17.868441
-0.197740	17.868620
-0.198573	17.868334
-0.199441	17.868729
-0.200273	17.868734
-0.200973	17.868338
-0.201829	17.867952
-0.202801	17.867943
-0.203692	17.867176
-0.204329	17.867298
-0.205151	17.867575
-0.205847	17.867722
-0.206636	17.867109
-0.207425	17.868004
-0.208315	17.867872
-0.209078	17.867928
-0.209869	17.867411
-0.210995	17.868061
-0.211954	17.867474
-0.212585	17.866962
-0.213371	17.866940
-0.214176	17.867245
-0.214954	17.867468
-0.215709	17.867561
-0.216311	17.866926
-0.217111	17.867641
-0.217860	17.867195
-0.218604	17.867502
-0.219358	17.867598
-0.219703	17.867239
-0.220677	17.866846
-0.221771	17.867508
-0.222533	17.867720
-0.223418	17.867062
-0.224143	17.866737
-0.225053	17.866961
-0.225809	17.867384
-0.226485	17.867516
-0.227329	17.867863
-0.228035	17.868090
-0.228807	17.867062
-0.229591	17.867208
-0.230372	17.866711
-0.231099	17.866337
-0.231924	17.866480
-0.232754	17.866665
-0.233460	17.865946
-0.234200	17.865995
-0.234956	17.866402
-0.235847	17.865986
-0.236460	17.866615
-0.237582	17.866335
-0.238391	17.865927
-0.239102	17.866045
-0.239969	17.866047
-0.240811	17.865883
-0.241442	17.866579
-0.242101	17.865929
-0.242784	17.866570
-0.243331	17.866087
-0.244159	17.866169
-0.244814	17.866436
-0.245621	17.866526
-0.246270	17.866215
-0.247077	17.866333
-0.247946	17.866436
-0.248622	17.866764
-0.249352	17.867033
-0.250119	17.866158
-0.250813	17.866970
-0.251604	17.866636
-0.252296	17.866901
-0.253027	17.866011
-0.253743	17.866800
-0.254703	17.866690
-0.255580	17.866911
-0.255991	17.866356
-0.256857	17.865948
-0.257595	17.866238
-0.258278	17.865635
-0.259031	17.865557
-0.259793	17.865757
-0.260452	17.865757
-0.261467	17.866032
-0.262177	17.866316
-0.262754	17.866234
-0.263408	17.865795
-0.263908	17.866180
-0.264595	17.865973
-0.265301	17.866125
-0.266035	17.866484
-0.266807	17.865683
-0.267478	17.866056
-0.268220	17.866272
