-0.258931	17.650139
-0.256644	17.652952
-0.253404	17.654701
-0.250120	17.651964
-0.246703	17.653137
-0.243418	17.653570
-0.239540	17.655186
-0.236068	17.655415
-0.232557	17.655695
-0.228877	17.655632
-0.225254	17.655130
-0.221717	17.655813
-0.217684	17.655264
-0.213884	17.657267
-0.210050	17.659666
-0.206160	17.660578
-0.202264	17.662636
-0.198396	17.661482
-0.194404	17.662884
-0.190518	17.661013
-0.186388	17.663584
-0.182540	17.663496
-0.178403	17.659847
-0.174380	17.663149
-0.170233	17.662020
-0.166048	17.664818
-0.161571	17.666557
-0.157637	17.663492
-0.153375	17.665487
-0.149066	17.665775
-0.144876	17.666565
-0.140555	17.666166
-0.136168	17.667578
-0.131782	17.667904
-0.127062	17.668446
-0.122564	17.668814
-0.118542	17.670654
-0.114165	17.669678
-0.109767	17.670349
-0.105175	17.669104
-0.100452	17.667030
-0.096166	17.671444
-0.091577	17.672331
-0.087051	17.669790
-0.082237	17.669538
-0.077448	17.668835
-0.072675	17.671209
-0.067826	17.673559
-0.062969	17.674053
-0.058261	17.673643
-0.053542	17.673637
-0.048788	17.672430
-0.043967	17.673723
-0.038972	17.673342
-0.033893	17.674568
-0.028728	17.675409
-0.023197	17.676588
-0.018046	17.677692
-0.012643	17.677107
-0.007277	17.678370
-0.001946	17.678841
0.003537	17.677521
0.008865	17.677559
0.014264	17.678404
0.019645	17.679295
0.025024	17.680676
0.030414	17.679913
0.035768	17.679422
0.041195	17.679310
0.046530	17.680176
0.051929	17.681013
0.057316	17.680525
0.062712	17.677635
0.068066	17.676977
0.073470	17.676380
0.078849	17.676538
0.084216	17.676273
0.089650	17.676575
0.095022	17.674711
0.100362	17.674994
0.105754	17.672945
0.111106	17.671463
0.116519	17.672066
0.121877	17.671076
0.127261	17.670382
0.132646	17.670139
0.138037	17.668722
0.143353	17.666306
0.148744	17.666002
0.154089	17.665955
0.159491	17.664228
0.164790	17.663622
0.170203	17.662464
0.175556	17.661654
0.180880	17.660780
0.186236	17.659346
0.191656	17.658587
0.196941	17.657232
0.202317	17.656162
0.207639	17.654972
0.213017	17.652859
0.218317	17.652206
0.223679	17.653131
0.229042	17.652040
0.234348	17.651468
0.239660	17.650667
0.245024	17.649237
0.250316	17.648775
0.255664	17.647491
0.260982	17.646914
0.266314	17.645443
0.271639	17.644886
0.276950	17.643892
0.282230	17.642977
0.287511	17.642635
0.292831	17.641289
0.298146	17.640846
0.303421	17.640701
0.308739	17.639357
0.313979	17.638805
0.319272	17.638023
0.321108	17.637613
0.318097	17.638025
0.313596	17.639059
0.308738	17.639894
0.303821	17.641268
0.298763	17.642540
0.293770	17.641876
0.288728	17.642303
0.283635	17.643398
0.278542	17.643366
0.273409	17.644863
0.268280	17.649984
0.263132	17.649261
0.257950	17.649359
0.252792	17.648817
0.247574	17.651699
0.242299	17.653366
0.237169	17.653860
0.231917	17.648966
0.226701	17.649660
0.221450	17.651161
0.216201	17.652403
0.210939	17.653841
0.205693	17.655659
0.200412	17.655060
0.195123	17.656483
0.189854	17.656492
0.184588	17.658188
0.179307	17.659376
0.173975	17.660368
0.168667	17.661179
0.163309	17.660622
0.158070	17.663055
0.152759	17.662697
0.147384	17.666567
0.142016	17.665730
0.136735	17.668032
0.131423	17.667704
0.126038	17.668730
0.120663	17.671589
0.115304	17.670826
0.109987	17.671301
0.104616	17.671793
0.099248	17.672207
0.093855	17.672432
0.088578	17.673666
0.083166	17.672131
0.077830	17.675447
0.072439	17.677265
0.067068	17.675198
0.061679	17.675949
0.056294	17.676376
0.050902	17.676430
0.045542	17.676956
0.040186	17.677593
0.034796	17.676575
0.029405	17.676989
0.024097	17.677526
0.018718	17.677048
0.013265	17.676754
0.007855	17.676157
0.002491	17.675392
-0.002911	17.674511
-0.008206	17.672096
-0.013651	17.669600
-0.019004	17.667654
-0.024398	17.668556
-0.029508	17.667416
-0.034251	17.667870
-0.039358	17.667906
-0.044301	17.667896
-0.049166	17.668192
-0.053912	17.667458
-0.058801	17.667551
-0.063650	17.666891
-0.068184	17.667103
-0.073458	17.666214
-0.078104	17.665638
-0.083035	17.665392
-0.087735	17.665010
-0.092157	17.664164
-0.096947	17.664696
-0.101647	17.665121
-0.105797	17.665316
-0.110301	17.663898
-0.114426	17.663580
-0.119289	17.663397
-0.123622	17.663038
-0.128161	17.662756
-0.132576	17.661982
-0.136946	17.662416
-0.141453	17.661442
-0.145741	17.660431
-0.149987	17.660830
-0.154363	17.660736
-0.158493	17.660225
-0.162708	17.659420
-0.167002	17.658880
-0.171184	17.658352
-0.175376	17.657928
-0.179513	17.656927
-0.183606	17.655907
-0.187729	17.655832
-0.191791	17.654995
-0.196062	17.654701
-0.199636	17.654604
-0.204040	17.654480
-0.207862	17.653942
-0.211820	17.653360
-0.215714	17.652712
-0.219651	17.651720
-0.223525	17.650339
-0.227157	17.650290
-0.231379	17.649900
-0.235034	17.648891
-0.238748	17.649403
-0.242523	17.649036
-0.246164	17.648415
-0.249770	17.648678
-0.253332	17.647804
-0.256841	17.647005
