-0.259741	17.667208
-0.256832	17.668028
-0.254074	17.668346
-0.250792	17.670130
-0.247345	17.670013
-0.243625	17.671047
-0.240383	17.670248
-0.236758	17.669647
-0.233226	17.670755
-0.229590	17.671488
-0.225825	17.672817
-0.222172	17.673788
-0.218386	17.673271
-0.214590	17.673986
-0.210695	17.676323
-0.206744	17.674788
-0.202860	17.676565
-0.198839	17.673758
-0.194913	17.676638
-0.191090	17.677267
-0.186891	17.678192
-0.182862	17.676994
-0.178944	17.679045
-0.174844	17.678619
-0.170651	17.680336
-0.166499	17.680836
-0.162374	17.680048
-0.157953	17.681719
-0.153909	17.680883
-0.149964	17.683346
-0.145494	17.685198
-0.141085	17.683376
-0.136905	17.686079
-0.132402	17.686111
-0.127960	17.686670
-0.123409	17.686285
-0.119019	17.685308
-0.114397	17.687778
-0.109848	17.683928
-0.105717	17.688885
-0.100875	17.687098
-0.096417	17.687500
-0.091744	17.689302
-0.086969	17.690454
-0.082364	17.690580
-0.077627	17.691475
-0.072871	17.692253
-0.068210	17.692171
-0.063390	17.691271
-0.058544	17.693121
-0.053708	17.692802
-0.048631	17.691244
-0.044080	17.690853
-0.038979	17.692112
-0.033792	17.695541
-0.028714	17.690205
-0.023171	17.691544
-0.017997	17.691484
-0.012641	17.693142
-0.007042	17.691868
-0.001791	17.692944
0.003604	17.694044
0.008953	17.694511
0.014384	17.694925
0.019787	17.696089
0.025223	17.696020
0.030640	17.696266
0.036038	17.695932
0.041380	17.695471
0.046855	17.693584
0.052228	17.694111
0.057614	17.694836
0.063018	17.695370
0.068388	17.694979
0.073831	17.691212
0.079228	17.692196
0.084618	17.692144
0.089967	17.689756
0.095412	17.690632
0.100788	17.689816
0.106206	17.689157
0.111634	17.688614
0.117003	17.685682
0.122337	17.685562
0.127757	17.684666
0.133149	17.685091
0.138549	17.682568
0.143900	17.683651
0.149297	17.682558
0.154680	17.681229
0.160117	17.679546
0.165422	17.678856
0.170803	17.678812
0.176177	17.678608
0.181552	17.677326
0.186921	17.675325
0.192280	17.675062
0.197671	17.674595
0.203009	17.673386
0.208319	17.671619
0.213685	17.670431
0.219094	17.667963
0.224356	17.668650
0.229712	17.666664
0.235039	17.664101
0.240438	17.664101
0.245710	17.664431
0.251097	17.663811
0.256406	17.662550
0.261730	17.661684
0.267017	17.663685
0.272354	17.664104
0.277631	17.663311
0.282966	17.660915
0.288302	17.661909
0.293585	17.662880
0.298873	17.662182
0.304167	17.662436
0.309472	17.660366
0.314749	17.657930
0.320001	17.658966
0.321792	17.657406
0.318817	17.660072
0.314239	17.659544
0.309454	17.659054
0.304450	17.660967
0.299475	17.656975
0.294428	17.658010
0.289398	17.658525
0.284314	17.659273
0.279152	17.660494
0.274023	17.666246
0.268877	17.666491
0.263657	17.668036
0.258524	17.668339
0.253373	17.667475
0.248126	17.673006
0.242958	17.675034
0.237646	17.674566
0.232465	17.675056
0.227238	17.676477
0.221983	17.677320
0.216725	17.678389
0.211413	17.677437
0.206156	17.679098
0.200877	17.679886
0.195595	17.681255
0.190286	17.681620
0.185006	17.683987
0.179675	17.685566
0.174348	17.683914
0.169045	17.684439
0.163704	17.688210
0.158405	17.689594
0.153055	17.687037
0.147704	17.690035
0.142350	17.691082
0.137021	17.691505
0.131677	17.691448
0.126313	17.693148
0.120937	17.694366
0.115564	17.691837
0.110226	17.697092
0.104809	17.697531
0.099459	17.699137
0.094085	17.698982
0.088724	17.693062
0.083354	17.693172
0.077957	17.693512
0.072579	17.694851
0.067229	17.695229
0.061840	17.696573
0.056444	17.695927
0.051024	17.695080
0.045671	17.696564
0.040332	17.697250
0.034864	17.697153
0.029488	17.697304
0.024083	17.696306
0.018702	17.696989
0.013347	17.695553
0.007969	17.695932
0.002559	17.695633
-0.002866	17.697611
-0.008316	17.695766
-0.013694	17.693573
-0.019042	17.690477
-0.024454	17.691690
-0.029472	17.694111
-0.034465	17.696943
-0.039392	17.695021
-0.044350	17.693645
-0.049324	17.695093
-0.054164	17.692865
-0.058943	17.691013
-0.063651	17.692869
-0.068423	17.694321
-0.073148	17.694324
-0.078111	17.693712
-0.082815	17.694139
-0.087351	17.693935
-0.091864	17.692558
-0.096648	17.691856
-0.101261	17.692871
-0.105600	17.692297
-0.110301	17.691923
-0.114957	17.691713
-0.119594	17.691067
-0.124038	17.690466
-0.128361	17.689865
-0.132839	17.690750
-0.136878	17.689018
-0.141494	17.688448
-0.145891	17.688498
-0.150282	17.688135
-0.154626	17.686855
-0.158812	17.685043
-0.163121	17.683140
-0.167437	17.684675
-0.171637	17.684164
-0.175823	17.684311
-0.179921	17.683540
-0.183954	17.682041
-0.188016	17.681976
-0.192184	17.681396
-0.196248	17.678871
-0.199802	17.679668
-0.204259	17.678478
-0.208369	17.678375
-0.212282	17.678528
-0.216185	17.678631
-0.220022	17.677956
-0.223695	17.676647
-0.227693	17.674746
-0.231359	17.669670
-0.235318	17.669870
-0.239078	17.669773
-0.242734	17.667591
-0.246509	17.674381
-0.250129	17.670635
-0.253735	17.671247
-0.257245	17.668255
