-0.259254	17.692844
-0.256987	17.695026
-0.253800	17.694901
-0.250429	17.697332
-0.247032	17.696623
-0.243539	17.697346
-0.240017	17.696571
-0.236457	17.696997
-0.232860	17.699286
-0.229300	17.699577
-0.225567	17.696051
-0.221696	17.700296
-0.218348	17.697411
-0.214447	17.702370
-0.210504	17.697935
-0.206663	17.701834
-0.202740	17.703857
-0.198831	17.702536
-0.194832	17.700321
-0.190846	17.702227
-0.186778	17.704140
-0.182765	17.705643
-0.178760	17.705133
-0.174508	17.705776
-0.170473	17.708460
-0.166171	17.706806
-0.161985	17.708155
-0.157761	17.708637
-0.153529	17.708515
-0.149342	17.705484
-0.145041	17.708611
-0.140742	17.710684
-0.136419	17.711182
-0.131904	17.708645
-0.127562	17.712151
-0.122964	17.712698
-0.118478	17.713270
-0.114154	17.712395
-0.109611	17.709362
-0.105032	17.712881
-0.100424	17.710417
-0.095702	17.714569
-0.091150	17.714163
-0.086607	17.714298
-0.082092	17.714298
-0.077469	17.715586
-0.072639	17.712992
-0.067832	17.714544
-0.063118	17.716600
-0.058296	17.716211
-0.053056	17.716675
-0.048517	17.714506
-0.043589	17.718395
-0.038678	17.717035
-0.033572	17.715347
-0.028600	17.717613
-0.023342	17.720043
-0.017937	17.719154
-0.012544	17.717911
-0.007184	17.722837
-0.001763	17.723042
0.003637	17.724485
0.008904	17.723543
0.014378	17.727303
0.019770	17.726748
0.025184	17.727110
0.030606	17.726795
0.035959	17.726461
0.041358	17.725849
0.046770	17.725973
0.052114	17.725590
0.057557	17.726038
0.062912	17.726513
0.068316	17.724047
0.073739	17.723972
0.079168	17.723305
0.084525	17.721064
0.089948	17.719576
0.095336	17.717817
0.100673	17.716639
0.106055	17.714685
0.111461	17.716146
0.116840	17.714396
0.122281	17.714254
0.127616	17.714958
0.132977	17.712795
0.138433	17.713297
0.143787	17.711752
0.149134	17.709866
0.154533	17.709810
0.159889	17.706024
0.165287	17.707203
0.170624	17.706549
0.175971	17.703821
0.181297	17.701481
0.186775	17.702131
0.192091	17.700136
0.197418	17.700594
0.202795	17.698885
0.208110	17.699646
0.213437	17.697874
0.218861	17.697372
0.224201	17.694019
0.229543	17.692801
0.234874	17.696568
0.240200	17.697681
0.245555	17.695868
0.250891	17.691925
0.256178	17.691893
0.261449	17.686932
0.266768	17.685942
0.272068	17.687529
0.277427	17.686539
0.282726	17.686205
0.288011	17.687609
0.293305	17.689062
0.298598	17.689796
0.303901	17.688915
0.309184	17.690062
0.314450	17.688368
0.319802	17.687407
0.321562	17.686218
0.318549	17.686659
0.313994	17.687527
0.309149	17.688845
0.304222	17.688725
0.299275	17.690004
0.294197	17.690178
0.289141	17.690481
0.284081	17.692375
0.278934	17.691753
0.273814	17.691801
0.268642	17.694368
0.263499	17.695377
0.258336	17.694204
0.253158	17.697245
0.247941	17.699453
0.242720	17.699734
0.237543	17.697527
0.232238	17.698788
0.227026	17.702974
0.221756	17.704426
0.216502	17.704039
0.211279	17.702391
0.206036	17.705912
0.200711	17.707132
0.195389	17.703962
0.190146	17.707640
0.184806	17.707945
0.179495	17.709505
0.174243	17.709969
0.168933	17.711887
0.163557	17.709761
0.158261	17.711142
0.152905	17.711412
0.147543	17.710779
0.142252	17.709068
0.136900	17.710707
0.131585	17.711918
0.126207	17.713457
0.120841	17.713625
0.115479	17.714600
0.110119	17.719259
0.104714	17.718513
0.099427	17.720678
0.094040	17.720173
0.088656	17.720095
0.083338	17.721415
0.077890	17.721098
0.072475	17.721109
0.067153	17.723774
0.061785	17.721453
0.056355	17.724207
0.051029	17.723589
0.045580	17.723389
0.040208	17.726355
0.034870	17.726425
0.029477	17.724615
0.024068	17.724447
0.018721	17.723793
0.013232	17.725420
0.007942	17.722145
0.002653	17.722420
-0.002872	17.722754
-0.008229	17.726877
-0.013672	17.726894
-0.019053	17.725031
-0.024368	17.725378
-0.029605	17.725140
-0.034603	17.723721
-0.039315	17.724920
-0.044376	17.724646
-0.049240	17.722755
-0.054057	17.718100
-0.058887	17.718475
-0.063640	17.718702
-0.068392	17.717730
-0.073386	17.717157
-0.078097	17.716558
-0.082786	17.718370
-0.087219	17.716616
-0.092011	17.716801
-0.096719	17.716696
-0.101266	17.717329
-0.105737	17.716080
-0.110273	17.715420
-0.114804	17.716703
-0.119232	17.716553
-0.123795	17.715727
-0.128193	17.715105
-0.132562	17.714951
-0.137117	17.713894
-0.141252	17.713591
-0.145304	17.712729
-0.149870	17.713640
-0.154291	17.712761
-0.158533	17.711060
-0.162895	17.712492
-0.167175	17.710588
-0.171519	17.710478
-0.175674	17.711205
-0.179774	17.709740
-0.184018	17.709608
-0.188261	17.708832
-0.192225	17.707958
-0.196285	17.706701
-0.199938	17.706320
-0.204166	17.707420
-0.208226	17.705809
-0.212413	17.705873
-0.216289	17.704042
-0.219769	17.704502
-0.223849	17.703140
-0.227566	17.697498
-0.231279	17.695084
-0.235165	17.694178
-0.238965	17.698946
-0.242622	17.696545
-0.246278	17.694042
-0.249914	17.699471
-0.253182	17.698130
-0.257142	17.699291
